tree
version=v4
num_class=1
num_tree_per_iteration=1
label_index=0
max_feature_idx=60
objective=regression
feature_names=object_id canonical_label display_x display_y anchor_x anchor_y hour minute day_of_week source_temp people_count_total people_count_within_1m people_count_within_2m people_count_within_3m nearest_person_distance mean_person_distance nearest_person_dx nearest_person_dy temp_lag_1 temp_lag_2 temp_lag_3 temp_lag_4 temp_lag_5 temp_lag_6 temp_lag_7 temp_lag_8 temp_lag_9 temp_lag_10 temp_lag_11 temp_lag_12 temp_lag_13 temp_lag_14 temp_lag_15 temp_lag_16 temp_lag_17 temp_lag_18 temp_lag_19 temp_lag_20 temp_lag_21 temp_lag_22 temp_lag_23 temp_lag_24 temp_lag_25 temp_lag_26 temp_lag_27 temp_lag_28 temp_lag_29 temp_lag_30 temp_roll_mean_5 temp_roll_mean_10 temp_roll_mean_20 temp_roll_mean_30 temp_roll_std_5 temp_roll_std_10 temp_roll_std_20 temp_roll_std_30 temp_delta_1 seconds_since_previous observations_in_frame target_minutes_ahead requested_horizon_min
feature_infos=none none none none none none [6:21] [0:59] [1:4] [19.790119000000001:25.314684] [0:5] [0:1] [0:2] [0:4] [0.21385686455197078:5.4868459501888696] [0.21385686455197078:5.4868459501888696] [-5.3957519999999999:4.3244690000000006] [-2.0637359999999996:2.3893300000000002] [19.790119000000001:25.314684] [19.790119000000001:25.314684] [19.790119000000001:25.314684] [19.790119000000001:25.314684] [19.790119000000001:25.314684] [19.790119000000001:25.314684] [19.790119000000001:25.314684] [19.790119000000001:25.314684] [19.790119000000001:25.314684] [19.790119000000001:25.314684] [19.790119000000001:25.314684] [19.790119000000001:25.314684] [19.790119000000001:25.314684] [19.790119000000001:25.314684] [19.790119000000001:25.314684] [19.790119000000001:25.314684] [19.790119000000001:25.314684] [19.790119000000001:25.314684] [19.790119000000001:25.314684] [19.790119000000001:25.314684] [19.790119000000001:25.314684] [19.790119000000001:25.314684] [19.790119000000001:25.314684] [19.790119000000001:25.314684] [19.790119000000001:25.314684] [19.790119000000001:25.314684] [19.790119000000001:25.314684] [19.790119000000001:25.314684] [19.790119000000001:25.314684] [19.790119000000001:25.314684] [19.917937599999998:25.119928399999999] [19.930735599999998:24.981561249999999] [20.051464099999997:24.896437874999997] [20.122775033333333:24.869136649999998] [0.0088785122045558253:1.7998216889533651] [0.018922731226156897:1.8252943047361405] [0.029055885491722926:1.7833032743844845] [0.045863445353548811:1.7768388568086515] [-3.7049540000000007:3.2608110000000003] [28:315543] [1:3] [5:162.5] [5:120]
tree_sizes=2734 2934 2924 2928 2909 2938 2930 2930 2918 2934 2910 2935 2918 2945 2938 2927 2929 2933 2921 2929 2926 2922 2921 2945 2943

Tree=0
num_leaves=31
num_cat=0
split_feature=9 50 8 19 8 59 6 6 6 8 46 6 6 59 6 59 51 6 49 51 55 8 8 55 55 8 51 6 59 54
split_gain=6275.54 1915.8 377.171 352.805 263.062 235.682 296.276 230.664 255.408 207.663 189.795 146.939 140.007 112.02 107.308 94.72 76.0666 74.9336 72.3699 65.5986 65.4267 65.4116 56.411 55.9183 54.3637 63.6785 51.1705 47.1741 46.2081 45.5374
threshold=21.784942500000003 22.633850925000001 1.5000000000000002 20.937593500000002 3.5000000000000004 42.750000000000007 8.5000000000000018 13.500000000000002 11.500000000000002 2.5000000000000004 21.762324000000003 10.500000000000002 13.500000000000002 30.475000000000005 9.5000000000000018 45.00833333333334 21.397090283333338 11.500000000000002 23.367900350000003 23.549769683333338 0.69930789747886435 2.5000000000000004 1.5000000000000002 0.67132039095141516 0.10115721910349133 3.5000000000000004 22.464627183333338 13.500000000000002 62.50833333333334 0.2745116609462061
decision_type=2 2 2 2 2 2 2 2 2 2 2 2 2 2 2 2 2 2 2 2 2 2 2 2 2 2 2 2 2 2
left_child=3 2 11 15 10 6 20 8 13 18 21 -2 19 16 -12 -1 -5 -6 23 -11 -3 -4 -10 -8 -15 -26 -9 28 -19 -20
right_child=1 5 4 7 17 -7 9 26 22 12 14 -13 -14 24 -16 -17 -18 27 29 -21 -22 -23 -24 -25 25 -27 -28 -29 -30 -31
leaf_value=22.036648916027069 22.13706636774743 22.117659223443816 22.060598666249714 22.049589270109173 22.055166030325186 22.08870679585468 22.091285396377636 22.055399688551653 22.090524717338944 22.112838683313342 22.072145036921349 22.088349315952403 22.079661895985556 22.072023551108465 22.080286169703076 22.053858430586061 22.059574281887137 22.074415700299674 22.119488028514763 22.097251766949842 22.146191659125993 22.072056739795503 22.070430159689582 22.072290012393214 22.066761404479177 22.055513552563109 22.089005498488181 22.055818218578118 22.057982804529935 22.097199999670366
leaf_weight=815 58 219 735 1187 621 3007 1988 7555 134 1052 1955 1418 161 597 5722 445 1629 747 119 316 108 1150 2038 150 986 838 41 228 194 269
leaf_count=815 58 219 735 1187 621 3007 1988 7555 134 1052 1955 1418 161 597 5722 445 1629 747 119 316 108 1150 2038 150 986 838 41 228 194 269
internal_value=22.0718 22.083 22.076 22.058 22.0741 22.0952 22.0996 22.0593 22.063 22.0974 22.0761 22.0903 22.1061 22.0594 22.0782 22.0427 22.0554 22.0636 22.0921 22.1092 22.1271 22.0676 22.0717 22.09 22.0642 22.0616 22.0556 22.0681 22.071 22.104
internal_weight=36482 20217 12828 16265 11352 7389 4382 15005 7409 4055 9562 1476 1529 5237 7677 1260 2816 1790 2526 1368 327 1885 2172 2138 2421 1824 7596 1169 941 388
internal_count=36482 20217 12828 16265 11352 7389 4382 15005 7409 4055 9562 1476 1529 5237 7677 1260 2816 1790 2526 1368 327 1885 2172 2138 2421 1824 7596 1169 941 388
is_linear=0
shrinkage=1


Tree=1
num_leaves=31
num_cat=0
split_feature=9 50 8 19 8 50 60 49 46 47 6 59 8 6 8 6 59 8 6 6 55 8 53 55 7 17 51 6 6 8
split_gain=5904.85 1783.09 344.264 337.543 248.558 232.484 222.123 278.404 168.158 162.717 138.448 111.727 104.785 99.9043 97.2243 113.048 82.8027 73.0823 85.4044 69.764 62.4358 61.1014 57.5147 54.6471 48.2694 47.216 45.7513 44.3861 44.0608 241.157
threshold=21.790381500000006 22.633850925000001 1.5000000000000002 20.832581000000001 3.5000000000000004 21.740804475000001 37.500000000000007 23.240082050000002 21.762324000000003 21.845556500000004 10.500000000000002 60.491666666666674 1.5000000000000002 9.5000000000000018 2.5000000000000004 10.500000000000002 42.750000000000007 2.5000000000000004 13.500000000000002 11.500000000000002 0.47272841823390493 2.5000000000000004 0.28661476487978782 0.67132039095141516 36.500000000000007 -1.8039989999999999 21.484277900000006 13.500000000000002 12.500000000000002 2.5000000000000004
decision_type=2 2 2 2 2 2 2 2 2 2 2 2 2 2 2 2 2 2 2 2 2 2 2 2 2 8 2 2 2 2
left_child=3 2 10 16 8 11 7 17 21 -9 -2 26 -7 -10 -13 -16 -1 23 -19 -6 -14 -4 -11 -3 -22 -15 -5 -21 29 -8
right_child=1 6 4 5 19 12 28 9 13 22 -12 14 20 25 15 -17 -18 18 -20 27 24 -23 -24 -25 -26 -27 -28 -29 -30 -31
leaf_value=-0.038087828452681952 0.063263545694022344 0.019369237692351219 -0.010777118827041051 -0.017013845519531823 -0.016173488101008913 0.016653871165893789 0.011103068032391375 0.071340573419224132 0.00029446498640408177 0.043708548014789017 0.015957013594678261 -0.014617820667419259 -0.001591089796814815 -0.0093884225120705409 -0.012999948020644457 0.0044737783004587701 -0.020627463976069436 0.036839314389057486 0.008686050783088874 -0.00079383186780317865 -0.014759642107660566 0.00045689571815191871 0.030633526036570404 0.00031925408077132825 -0.0022886022111750495 0.0086327089557748111 -0.012821020597853399 -0.015547158741147109 0.011790264606163262 0.033758166243375111
leaf_weight=550 58 1889 712 6256 612 196 1177 110 1919 395 1391 1213 1359 134 579 785 440 421 126 941 881 1123 1297 146 409 5563 3744 228 1168 660
leaf_count=550 58 1889 712 6256 612 196 1177 110 1919 395 1391 1213 1359 134 579 785 440 421 126 941 881 1123 1297 146 409 5563 3744 228 1168 660
internal_value=-7.94928e-11 0.0109142 0.00408849 -0.0133469 0.00231309 -0.0122568 0.0226286 0.026935 0.0042504 0.0359845 0.0178506 -0.0140087 -0.00451227 0.00621465 -0.00843868 -0.00294359 -0.0303277 0.0206192 0.0303543 -0.00796739 -0.00607836 -0.00390202 0.0336859 0.0180025 -0.0108056 0.00820883 -0.0154441 -0.0036713 0.016346 0.0192426
internal_weight=36482 20070 12681 16412 11232 15422 7389 4384 9451 1802 1449 12577 2845 7616 2577 1364 990 2582 547 1781 2649 1835 1692 2035 1290 5697 10000 1169 3005 1837
internal_count=36482 20070 12681 16412 11232 15422 7389 4384 9451 1802 1449 12577 2845 7616 2577 1364 990 2582 547 1781 2649 1835 1692 2035 1290 5697 10000 1169 3005 1837
is_linear=0
shrinkage=0.03


Tree=2
num_leaves=31
num_cat=0
split_feature=9 50 18 8 50 8 59 49 46 47 28 8 59 8 59 8 55 53 9 7 55 8 51 8 51 14 59 55 51 54
split_gain=5555.94 1663.25 323.745 318.589 239.87 236.222 211.643 260.893 152.581 149.976 130.099 104.021 103.431 97.0504 78.672 74.2828 78.1087 64.5157 63.2388 60.9328 58.1062 54.8864 65.1015 53.6989 50.0131 48.3571 47.8481 46.9421 44.7483 40.0425
threshold=21.798922500000003 22.633850925000001 20.906421000000005 3.5000000000000004 21.761468962500004 1.5000000000000002 59.716666666666676 23.240082050000002 21.762324000000003 21.845556500000004 21.586521000000001 1.5000000000000002 60.491666666666674 2.5000000000000004 45.00833333333334 2.5000000000000004 0.7830328686039677 0.28661476487978782 21.137455000000003 47.500000000000007 0.47272841823390493 2.5000000000000004 23.549769683333338 2.5000000000000004 22.169478716666671 1.7560200511131896 30.491666666666671 0.6940308521242583 21.484277900000006 0.62773176019242871
decision_type=2 2 2 2 2 2 2 2 2 2 2 2 2 2 2 2 2 2 2 2 2 2 2 2 2 8 2 2 2 2
left_child=2 3 14 5 12 10 7 15 23 26 -2 -6 28 -14 -1 27 19 -11 -15 -17 -13 -19 -23 -7 -22 -5 -9 -3 -4 -24
right_child=1 6 4 25 11 8 -8 9 -10 17 -12 20 13 18 -16 16 -18 21 -20 -21 24 22 29 -25 -26 -27 -28 -29 -30 -31
leaf_value=-0.034156208716400883 0.061365637162636065 0.018187193903996889 -0.01640750817837645 -0.00012346365933600523 0.016004377497953148 -0.010360775506310996 0.014160902351525576 0.076072799505725985 0.006094860010203239 0.041106209248910765 0.015489426563996437 -0.00069456195708190332 -0.014149748123979925 -0.015967494442957104 -0.017628463385034435 0.038642251539197474 0.0070211981303944454 0.020113569556464213 0.00059024863274684659 0.013313352923914267 -0.014055985947828238 0.037461609382549402 0.027866791248052882 0.00039167645824553671 -0.0015129150194642643 -0.01094162385020479 0.030707789129681053 -9.0331605395802594e-05 -0.012314982956044947 0.0051950769378163383
leaf_weight=733 58 2249 6158 529 223 672 2193 93 7561 469 1364 1221 1243 256 401 425 123 491 1098 107 851 713 260 1106 431 1252 27 134 3945 96
leaf_count=733 58 2249 6158 529 223 672 2193 93 7561 469 1364 1221 1243 256 401 425 123 491 1098 107 851 713 260 1106 431 1252 27 134 3945 96
internal_value=-8.76583e-11 0.0106739 -0.0128409 0.0040246 -0.0117037 0.00596978 0.0219742 0.0252776 0.00423536 0.0332772 0.0173606 -0.00362905 -0.0134368 -0.00809693 -0.0283117 0.0196188 0.0285666 0.0313498 -0.00254031 0.0335479 -0.00537825 0.0284167 0.0322303 -0.00367224 -0.00983909 -0.00772837 0.0658657 0.0171594 -0.0148095 0.0217531
internal_weight=36482 19922 16560 12542 15426 10761 7380 5187 9339 2149 1422 2726 12700 2597 1134 3038 655 2029 1354 532 2503 1560 1069 1778 1282 1781 120 2383 10103 356
internal_count=36482 19922 16560 12542 15426 10761 7380 5187 9339 2149 1422 2726 12700 2597 1134 3038 655 2029 1354 532 2503 1560 1069 1778 1282 1781 120 2383 10103 356
is_linear=0
shrinkage=0.03


Tree=3
num_leaves=31
num_cat=0
split_feature=9 50 8 19 8 59 6 50 8 51 6 6 6 6 6 59 59 54 6 8 6 6 8 51 51 55 50 51 17 6
split_gain=5228.26 1595.58 314.187 297.119 219.209 198.962 262.374 187.281 175.862 161.618 122.387 120.601 96.6582 94.0892 109.412 85.4552 74.5015 72.3515 70.382 68.5386 65.1255 64.539 64.4113 59.585 57.8589 57.701 67.3474 43.6161 43.4389 42.8513
threshold=21.784942500000003 22.633850925000001 1.5000000000000002 20.832581000000001 3.5000000000000004 34.241666666666674 8.5000000000000018 21.597602825000003 2.5000000000000004 21.866294119444447 10.500000000000002 13.500000000000002 13.500000000000002 9.5000000000000018 15.500000000000002 30.008333333333336 42.750000000000007 0.24911419629824441 16.500000000000004 1.5000000000000002 11.500000000000002 10.500000000000002 1.5000000000000002 21.29213819166667 23.549769683333338 0.67132039095141516 23.398249425000007 21.230327183333337 1.7351830000000004 11.500000000000002
decision_type=2 2 2 2 2 2 2 2 2 2 2 2 2 2 2 2 2 2 2 2 2 2 2 2 2 2 2 2 10 2
left_child=3 2 10 16 9 6 22 15 25 -4 -2 24 19 -11 28 27 -1 -16 21 -9 -6 -17 -3 -23 -10 26 -8 -5 -15 -7
right_child=1 5 4 7 20 29 8 12 11 13 -12 -13 -14 14 17 18 -18 -19 -20 -21 -22 23 -24 -25 -26 -27 -28 -29 -30 -31
leaf_value=-0.035949550437216052 0.05952466856816719 0.070779157809491428 -0.0057727897638387461 -0.022007167756847249 -0.015389106630613119 0.019793802934218181 0.017738957999102231 0.015683727856026959 0.037650483619393445 7.610770397571284e-06 0.015063625252455913 0.0068111659424966607 -0.012517361751002123 0.0078738702564896332 0.0064313547087944721 -0.014690333728159947 -0.019387515442140946 -0.012343136808046927 -0.016055175401560297 -0.0044934991118840417 -0.0033672820597686272 0.0033366756950987558 0.042092285002980914 -0.0081914739503594156 0.023008715506094873 0.0021023126748429301 0.032729302769305239 -0.015072499781771267 0.016322343741227256 0.012486449080344309
leaf_weight=550 58 106 1337 977 621 1194 2033 160 1050 2108 1418 161 1615 4757 351 968 440 390 1542 2857 1169 533 210 1661 316 180 311 4962 619 1828
leaf_count=550 58 106 1337 977 621 1194 2033 160 1050 2108 1418 161 1615 4757 351 968 440 390 1542 2857 1169 533 210 1661 316 180 311 4962 619 1828
internal_value=5.33743e-11 0.0101866 0.00379019 -0.0126617 0.00209725 0.0212914 0.0253865 -0.0116294 0.0233327 0.00390096 0.0168107 0.0313689 -0.00659414 0.00547345 0.00735706 -0.0138209 -0.0285886 -0.00344996 -0.0108004 -0.00342344 -0.00753798 -0.00823777 0.0517151 -0.00539088 0.0342634 0.0184709 0.0197279 -0.0162133 0.00884664 0.0153736
internal_weight=36482 20217 12828 16265 11352 7389 4367 15275 4051 9562 1476 1527 4632 8225 6117 10643 990 741 4704 3017 1790 3162 316 2194 1366 2524 2344 5939 5376 3022
internal_count=36482 20217 12828 16265 11352 7389 4367 15275 4051 9562 1476 1527 4632 8225 6117 10643 990 741 4704 3017 1790 3162 316 2194 1366 2524 2344 5939 5376 3022
is_linear=0
shrinkage=0.03


Tree=4
num_leaves=31
num_cat=0
split_feature=9 50 8 9 8 50 59 6 8 51 6 6 59 6 6 8 8 6 59 51 54 6 6 49 8 51 47 59 17 6
split_gain=4919.66 1484.99 286.593 284.116 207.134 206.492 189.519 253.181 196.759 141.447 130.478 115.335 94.2719 86.9369 103.082 85.1844 81.7167 103.951 72.4081 70.0379 68.0755 60.6395 52.2185 50.8718 48.9981 42.9186 42.356 42.7318 40.9499 40.7943
threshold=21.790381500000006 22.633850925000001 1.5000000000000002 20.832581000000001 3.5000000000000004 21.740804475000001 59.716666666666676 8.5000000000000018 2.5000000000000004 21.866294119444447 13.500000000000002 10.500000000000002 60.491666666666674 9.5000000000000018 15.500000000000002 1.5000000000000002 2.5000000000000004 10.500000000000002 45.00833333333334 23.549769683333338 0.24911419629824441 11.500000000000002 13.500000000000002 23.367900350000003 3.5000000000000004 22.442502083333338 22.327400000000001 30.491666666666671 1.7351830000000004 13.500000000000002
decision_type=2 2 2 2 2 2 2 2 2 2 2 2 2 2 2 2 2 2 2 2 2 2 2 2 2 2 2 2 10 2
left_child=3 2 11 18 9 12 7 26 23 -4 19 -2 -5 -11 28 -7 -14 -18 -1 24 -16 -6 -17 -9 -10 -24 27 -3 -15 -23
right_child=1 6 4 5 21 15 -8 8 10 13 -12 -13 16 14 20 22 17 -19 -20 -21 -22 29 25 -25 -26 -27 -28 -29 -30 -31
leaf_value=-0.033515698830874366 0.057738931189323293 0.071667239127620574 -0.005378521152492358 -0.014135535685242194 -0.014922225750576449 0.01524502292617547 0.013264262203289641 0.015453880880221042 0.03669738711366196 2.7572813348718345e-05 0.0060092396851414666 0.014561412375116363 -0.013375652982252179 0.0076478263815703273 0.006238414305142867 -0.0024075953158441033 -0.012266450422251444 0.0044481910343606703 -0.016660372865658052 0.021025053594351781 -0.011972842164265994 -0.00050767817959589264 -0.013223076600079554 0.026305857648870543 0.00070215201311345612 0.016605544202434628 0.04051276916220161 0.028796188963784112 0.015881779777796284 -0.014651477728590467
leaf_weight=655 58 93 1283 10004 612 196 2196 2511 1235 2072 189 1391 1213 4741 351 1804 584 785 353 380 390 941 772 460 35 46 263 27 614 228
leaf_count=655 58 93 1283 10004 612 196 2196 2511 1235 2072 189 1391 1213 4741 351 1804 584 785 353 380 390 941 772 460 35 46 263 27 614 228
internal_value=-7.97887e-11 0.00996223 0.00373312 -0.0121827 0.00211324 -0.0111729 0.0206526 0.023777 0.0219078 0.00388176 0.02962 0.0162897 -0.0128165 0.00533633 0.00714075 -0.00383238 -0.00770583 -0.00268209 -0.027613 0.0323245 -0.00334646 -0.00727157 -0.00525845 0.0171341 0.0357054 -0.0115457 0.0472517 0.0620213 0.00859192 -0.00326626
internal_weight=36482 20070 12681 16412 11232 15404 7389 5193 4810 9451 1839 1449 12586 8168 6096 2818 2582 1369 1008 1650 741 1781 2622 2971 1270 818 383 120 5355 1169
internal_count=36482 20070 12681 16412 11232 15404 7389 5193 4810 9451 1839 1449 12586 8168 6096 2818 2582 1369 1008 1650 741 1781 2622 2971 1270 818 383 120 5355 1169
is_linear=0
shrinkage=0.03


Tree=5
num_leaves=31
num_cat=0
split_feature=9 50 18 50 59 6 51 46 9 6 55 59 6 6 55 59 51 53 7 54 51 54 59 54 48 59 9 59 59 6
split_gain=4629.03 1385.39 272.466 201.703 178.816 237.635 143.434 137.78 178.87 111.193 92.9335 90.165 89.7133 107.31 77.8185 66.7952 66.3967 54.2018 53.0118 47.6654 46.5479 42.9394 42.0857 41.8369 41.8173 39.9804 39.941 42.2002 36.6041 36.1293
threshold=21.798922500000003 22.633850925000001 20.906421000000005 21.740804475000001 59.716666666666676 8.5000000000000018 23.244381425000004 21.722675500000005 24.572495500000006 10.500000000000002 0.88054676395588294 30.491666666666671 13.500000000000002 10.500000000000002 0.47272841823390493 45.00833333333334 23.549769683333338 0.61045274285985218 31.500000000000004 0.093137572440314051 21.230327183333337 0.39727334736883357 31.250000000000004 0.54631515232773509 22.783394500000004 90.00833333333334 24.572495500000006 30.491666666666671 15.008333333333335 9.5000000000000018
decision_type=2 2 2 2 2 2 2 2 2 2 2 2 2 2 2 2 2 2 2 2 2 2 2 2 2 2 2 2 2 2
left_child=2 7 15 11 5 26 -7 8 -2 21 16 20 13 -13 19 -1 -8 24 -16 -5 -4 29 -19 -18 28 -15 -3 -28 -11 -9
right_child=1 4 3 14 -6 6 10 9 -10 17 -12 12 -14 25 18 -17 23 22 -20 -21 -22 -23 -24 -25 -26 -27 27 -29 -30 -31
leaf_value=-0.031299022020782261 -0.0039215621450373883 0.038970344785381764 -0.020733540582688562 0.017494361399817214 0.012874386331830355 0.016974301529122864 0.033273081091663825 0.0002049461185457519 0.046127661544490939 0.0045104671697259163 -0.00021674256380737838 -0.012705726791704303 -0.013252756286861886 -0.0038545151693242358 -0.013641857218794374 -0.016069850398859293 0.026344977138933558 0.0045902233732179228 -0.001351807594499469 -0.00072080790631595519 -0.013577461957249896 -0.0080974322625129297 -0.0094962813907608877 0.0098440069417193819 0.019098673687514028 0.0062923964283885135 0.068831177931843388 0.027681456228782392 0.0093150108174489352 0.011203662518817475
leaf_weight=733 2447 255 940 142 2193 2843 1197 1867 66 2238 103 1073 2636 1015 822 401 464 614 513 1445 6307 483 277 197 297 533 99 29 3939 314
leaf_count=733 2447 255 940 142 2193 2843 1197 1867 66 2238 103 1073 2636 1015 822 401 464 614 513 1445 6307 483 277 197 297 533 99 29 3939 314
internal_value=-4.55047e-12 0.00974296 -0.011721 -0.0106776 0.0200562 0.0230926 0.0212795 0.0036744 -0.0026071 0.00524838 0.0275211 -0.0123359 -0.00934487 -0.00541462 -0.00358126 -0.0259138 0.0290588 0.0071482 -0.00891916 0.000909031 -0.0145057 -3.93219e-06 0.000210917 0.0214271 0.00810296 -0.000360779 0.0458342 0.0595082 0.00757427 0.00178844
internal_weight=36482 19922 16560 15426 7380 5187 4804 12542 2513 10029 1961 12504 5257 2621 2922 1134 1858 7365 1335 1587 7247 2664 891 661 6474 1548 383 128 6177 2181
internal_count=36482 19922 16560 15426 7380 5187 4804 12542 2513 10029 1961 12504 5257 2621 2922 1134 1858 7365 1335 1587 7247 2664 891 661 6474 1548 383 128 6177 2181
is_linear=0
shrinkage=0.03


Tree=6
num_leaves=31
num_cat=0
split_feature=18 50 8 20 8 48 60 50 46 47 29 8 60 55 8 60 8 8 8 60 60 54 45 60 53 8 55 14 54 51
split_gain=4340.02 1319.67 264.733 250.587 186.284 170.28 193.379 148.571 141.71 130.818 93.2281 77.5302 64.9185 64.4279 89.554 62.2155 48.7028 51.6917 46.8391 46.0858 42.6075 42.101 41.6263 48.7809 40.4664 40.4342 46.4924 38.8834 35.7261 33.9591
threshold=21.782526000000001 22.633850925000001 1.5000000000000002 20.906421000000005 3.5000000000000004 23.255839700000003 25.000000000000004 21.597602825000003 21.780541000000003 21.587269000000003 21.586760000000002 1.5000000000000002 37.500000000000007 0.79029019375791976 2.5000000000000004 52.500000000000007 2.5000000000000004 3.5000000000000004 2.5000000000000004 75.000000000000014 52.500000000000007 0.2745116609462061 22.360226000000004 52.500000000000007 0.45752147579345975 2.5000000000000004 0.099284562873178731 1.7560200511131896 0.3568096691978267 21.230327183333337
decision_type=2 2 2 2 2 2 2 2 2 2 2 2 2 2 2 2 2 2 2 2 2 2 2 2 2 2 2 8 2 2
left_child=3 2 10 15 8 13 9 12 18 -7 -2 -9 29 14 -3 -1 -13 20 -4 -8 24 -11 -16 -24 -18 -14 -27 -6 -20 -5
right_child=1 5 4 7 27 6 19 11 -10 21 -12 16 25 -15 22 -17 17 -19 28 -21 -22 -23 23 -25 -26 26 -28 -29 -30 -31
leaf_value=-0.030195368782803413 0.054119250153501823 0.014074160744017171 -0.0090660804133534563 -0.01965700399535766 -0.00046583638120903338 0.06825128184800798 0.022013203402524335 0.01385763424941722 0.0054568912315766226 0.043567513723122446 0.013956886222927806 -0.010736260961329248 -0.012485522829948078 0.00206289469750154 0.006958750386117026 -0.015229550763145088 -0.0067185902770656248 -0.010562820934403815 -0.0022694481285493811 0.012134020289307637 0.0051456422713068231 0.028319916981281543 0.033016107641264177 0.016665613314927635 0.0086897251681749069 0.00033170891508441601 -0.0095257021579680939 -0.0099862706691742353 0.01075103150261566 -0.013508698878441149
leaf_weight=750 54 3078 810 955 564 88 1031 170 7549 190 1417 1718 2218 302 100 375 1110 819 983 723 590 1146 494 246 178 606 1488 1224 235 5271
leaf_count=750 54 3078 810 955 564 88 1031 170 7549 190 1417 1718 2218 302 100 375 1110 819 983 723 590 1146 494 246 178 606 1488 1224 235 5271
internal_value=-2.67496e-11 0.00927229 0.00345587 -0.011547 0.00190587 0.0193641 0.0246089 -0.0105308 0.00356544 0.032822 0.0154312 -0.0060229 -0.0124922 0.0154144 0.0164436 -0.0252068 -0.0067884 -0.00427359 -0.0034753 0.017941 -0.00153085 0.0304884 0.0251257 0.0275807 -0.00458918 -0.00966283 -0.00667298 -0.00698318 0.000242713 -0.0144518
internal_weight=36482 20234 12836 16248 11365 7398 3178 15123 9577 1424 1471 4585 10538 4220 3918 1125 4415 2697 2028 1754 1878 1336 840 740 1288 4312 2094 1788 1218 6226
internal_count=36482 20234 12836 16248 11365 7398 3178 15123 9577 1424 1471 4585 10538 4220 3918 1125 4415 2697 2028 1754 1878 1336 840 740 1288 4312 2094 1788 1218 6226
is_linear=0
shrinkage=0.03


Tree=7
num_leaves=31
num_cat=0
split_feature=9 49 9 8 48 49 59 8 47 45 8 59 6 8 8 6 6 6 6 6 59 6 6 51 59 6 6 6 51 6
split_gain=4109.18 1201.29 248.159 229.523 199.033 192.978 190.485 148.665 144.343 110.876 89.4418 84.1764 72.5882 89.6076 70.9795 69.3979 67.8183 68.2379 66.4151 58.9052 57.9409 51.7415 50.9149 49.0766 45.7566 41.9694 38.8483 37.1269 40.1822 36.6869
threshold=21.798922500000003 22.593125600000004 20.693063000000006 3.5000000000000004 23.255839700000003 21.641674650000002 23.508333333333336 1.5000000000000002 21.587269000000003 21.780620500000001 1.5000000000000002 30.008333333333336 12.500000000000002 2.5000000000000004 3.5000000000000004 9.5000000000000018 16.500000000000004 10.500000000000002 13.500000000000002 10.500000000000002 42.750000000000007 11.500000000000002 15.500000000000002 21.230327183333337 60.00833333333334 11.500000000000002 13.500000000000002 13.500000000000002 22.442502083333338 11.500000000000002
decision_type=2 2 2 2 2 2 2 2 2 2 2 2 2 2 2 2 2 2 2 2 2 2 2 2 2 2 2 2 2 2
left_child=2 3 20 7 14 11 8 19 -6 22 -7 23 13 29 24 -11 17 -13 -19 -2 -1 -5 -9 -4 -3 -10 -23 -12 -29 -8
right_child=1 4 5 21 6 10 12 9 25 15 27 16 -14 -15 -16 -17 -18 18 -20 -21 -22 26 -24 -25 -26 -27 -28 28 -30 -31
leaf_value=-0.035880435122922064 0.056557157603757721 0.016604097191188754 -0.020117064234571505 -0.014028664484172693 0.066653822187115172 0.013912788813807395 0.016920612409610201 -0.00017219023947418114 0.036113896197665515 1.0515522391193706e-05 -0.0034594794009913752 -0.012978251562703198 0.0092211406678912554 0.030566029754813862 -0.0040499129403608943 0.0068811318174726915 -0.014508113076694331 -1.5253569789283477e-06 -0.0099626679591980141 0.012650862679400495 -0.018753679271321742 3.2369563741801905e-05 -0.011518712018943241 -0.01325711823402205 0.0087920923187745532 0.02524030479425966 -0.013980273419721542 -0.010758920556318793 0.016662522884644568 -0.0043441893081454666
leaf_weight=400 28 3553 1133 612 102 223 518 1411 535 1767 2448 1195 615 563 181 5267 1595 1415 1049 1542 320 813 476 5470 833 793 228 1262 50 85
leaf_count=400 28 3553 1133 612 102 223 518 1411 535 1767 2448 1195 615 563 181 5267 1595 1415 1049 1542 320 813 476 5470 833 793 228 1262 50 85
internal_value=3.135e-11 0.00917959 -0.0110432 0.00328394 0.0183846 -0.0102603 0.0241079 0.00492106 0.0322624 0.00342289 -0.00454705 -0.0121794 0.0175605 0.0219591 0.0143607 0.00515518 -0.00934573 -0.00709538 -0.00424229 0.0134339 -0.0282685 -0.00710631 -0.00303438 -0.0144342 0.0151204 0.0296209 -0.00303668 -0.00564187 -0.0097139 0.0139231
internal_weight=36482 19922 16560 12144 7778 15840 3211 10491 1430 8921 3983 11857 1781 1166 4567 7034 5254 3659 2464 1570 720 1653 1887 6603 4386 1328 1041 3760 1312 603
internal_count=36482 19922 16560 12144 7778 15840 3211 10491 1430 8921 3983 11857 1781 1166 4567 7034 5254 3659 2464 1570 720 1653 1887 6603 4386 1328 1041 3760 1312 603
is_linear=0
shrinkage=0.03


Tree=8
num_leaves=31
num_cat=0
split_feature=9 50 8 9 50 8 59 6 8 45 6 6 59 6 8 8 6 59 55 6 50 8 8 6 47 6 8 6 54 17
split_gain=3866.58 1164.83 232.098 231.122 169.289 166.983 155.944 199.155 140.509 112.912 98.1101 92.8196 84.5545 73.3574 67.7535 65.7074 87.2168 54.5166 51.6706 51.3272 51.0182 47.3994 46.3331 43.589 40.2072 38.5158 142.048 38.0326 37.1576 37.0028
threshold=21.790381500000006 22.633850925000001 1.5000000000000002 20.693063000000006 21.740804475000001 3.5000000000000004 34.241666666666674 8.5000000000000018 2.5000000000000004 21.762750500000003 13.500000000000002 10.500000000000002 60.491666666666674 9.5000000000000018 1.5000000000000002 2.5000000000000004 10.500000000000002 42.750000000000007 0.67132039095141516 11.500000000000002 23.398249425000007 2.5000000000000004 1.5000000000000002 13.500000000000002 20.906421000000005 11.500000000000002 2.5000000000000004 12.500000000000002 0.72307544306600025 -1.8288944999999999
decision_type=2 2 2 2 2 2 2 2 2 2 2 2 2 2 2 2 2 2 2 2 2 2 2 2 2 2 2 2 2 8
left_child=3 2 11 17 12 9 7 22 18 21 -10 -2 24 -11 -6 -14 -17 -1 20 -7 -9 27 -3 -16 -5 26 -8 -4 -27 -15
right_child=1 6 5 4 14 19 25 8 10 13 -12 -13 15 29 23 16 -18 -19 -20 -21 -22 -23 -24 -25 -26 28 -28 -29 -30 -31
leaf_value=-0.03480402180254466 0.0517989063648319 0.061032756055301091 0.013241480004397177 -0.020955592678495717 0.013625381746642974 -0.013607804532883022 0.011444146763089745 0.015248779336839928 0.029929963272356558 2.3769964097441873e-05 0.0051694675762696558 0.013064422324704211 -0.011861116142078977 -0.0093395852628350255 -0.0020644692649668768 -0.010504058721496795 0.0043537808999472597 -0.018191068660409655 0.00030075877635196474 -0.0028841246274866361 0.028295868202576777 0.00070524831617887996 0.036702433483941213 -0.010406936259540641 -0.012305693382662736 0.011889314378401534 0.035688730056879558 -0.011128226114303544 -0.001360927458467308 0.0071664656631280025
leaf_weight=400 58 106 63 509 196 612 908 2033 1366 1928 161 1391 1213 125 1813 650 785 320 180 1169 311 1135 210 818 9708 1612 286 677 216 5523
leaf_count=400 58 106 63 509 196 612 908 2033 1366 1928 161 1391 1213 125 1813 650 785 320 180 1169 311 1135 210 818 9708 1612 286 677 216 5523
internal_value=9.22276e-12 0.00883186 0.00331496 -0.0108004 -0.0100378 0.0018572 0.0183 0.0219255 0.0201361 0.0034451 0.0273193 0.0146149 -0.0114984 0.0050764 -0.00339058 -0.00672109 -0.00237625 -0.0274205 0.0157904 -0.00656907 0.0169799 -0.00314621 0.0448639 -0.00465821 -0.0127366 0.0130608 0.0172515 -0.00905351 0.0103236 0.00680116
internal_weight=36482 20070 12681 16412 15692 11232 7389 4367 4051 9451 1527 1449 12865 7576 2827 2648 1435 720 2524 1781 2344 1875 316 2631 10217 3022 1194 740 1828 5648
internal_count=36482 20070 12681 16412 15692 11232 7389 4367 4051 9451 1527 1449 12865 7576 2827 2648 1435 720 2524 1781 2344 1875 316 2631 10217 3022 1194 740 1828 5648
is_linear=0
shrinkage=0.03


Tree=9
num_leaves=31
num_cat=0
split_feature=9 50 9 8 50 8 59 6 8 6 51 6 59 8 6 6 8 6 54 55 59 6 51 50 8 55 7 51 8 6
split_gain=3638.11 1087.06 219.682 215.716 173.773 156.201 147.596 189.157 125.854 100.974 100.541 86.8231 80.0019 67.8023 66.2931 81.1375 64.444 83.2359 53.5579 52.889 51.2947 48.2057 48.1165 47.0619 43.5948 41.5701 45.9925 41.1598 39.4393 36.7623
threshold=21.798922500000003 22.611398362500005 20.693063000000006 1.5000000000000002 21.761468962500004 3.5000000000000004 34.241666666666674 8.5000000000000018 2.5000000000000004 13.500000000000002 21.866294119444447 10.500000000000002 60.491666666666674 1.5000000000000002 9.5000000000000018 15.500000000000002 2.5000000000000004 10.500000000000002 0.24911419629824441 0.67132039095141516 42.750000000000007 11.500000000000002 23.549769683333338 23.398249425000007 1.5000000000000002 0.47272841823390493 31.500000000000004 21.478633516666669 3.5000000000000004 12.500000000000002
decision_type=2 2 2 2 2 2 2 2 2 2 2 2 2 2 2 2 2 2 2 2 2 2 2 2 2 2 2 2 2 2
left_child=2 3 20 11 12 10 7 24 19 22 -5 -2 27 -6 -12 -16 -14 -18 -17 23 -1 -7 28 -9 -3 -15 -27 -4 -10 -8
right_child=1 6 4 5 13 21 29 8 9 -11 14 -13 16 25 15 18 17 -19 -20 -21 -22 -23 -24 -25 -26 26 -28 -29 -30 -31
leaf_value=-0.033759901802614331 0.050244938873139945 0.059201773213890363 -0.013786356832143852 -0.0047609973865865287 0.013088681039404575 -0.013199570391135401 0.015191259826909149 0.014928877488443895 0.033078263159674506 0.0049546887014287541 -8.9631824353820973e-05 0.012751686409154828 -0.011495544451451092 -0.00021303751153376008 0.0074442418937664982 0.0052396419024668059 -0.010050501780612281 0.0043688654440197615 -0.011003589076173352 0.00011867098408248765 -0.017645336951245552 -0.0027807718969052072 0.018622193170189736 0.027446992057151013 0.035601359848465242 -0.012329016567604033 -0.00057823234044597971 -0.009920122708392827 0.0023417271372790519 0.0084342797493290912
leaf_weight=400 58 106 6356 1199 223 612 1878 2065 1026 179 2063 1336 1243 1221 5270 351 661 792 381 190 320 1152 316 311 210 804 478 4062 39 1180
leaf_count=400 58 106 6356 1199 223 612 1878 2065 1026 179 2063 1336 1243 1221 5270 351 661 792 381 190 320 1152 316 311 210 804 478 4062 39 1180
internal_value=-1.36809e-11 0.00863741 -0.010391 0.00319219 -0.0096543 0.00178663 0.0176562 0.021148 0.0194348 0.0261546 0.00334462 0.0143117 -0.0110869 -0.00276239 0.00454966 0.00614427 -0.00648079 -0.00219081 -0.00321483 0.0153495 -0.0265979 -0.00639546 0.0289024 0.0165674 0.043518 -0.00417461 -0.00794768 -0.0122789 0.0319527 0.0125839
internal_weight=36482 19922 16560 12422 15840 11028 7500 4442 4126 1560 9264 1394 13114 2726 8065 6002 2696 1453 732 2566 720 1764 1381 2376 316 2503 1282 10418 1065 3058
internal_count=36482 19922 16560 12422 15840 11028 7500 4442 4126 1560 9264 1394 13114 2726 8065 6002 2696 1453 732 2566 720 1764 1381 2376 316 2503 1282 10418 1065 3058
is_linear=0
shrinkage=0.03


Tree=10
num_leaves=31
num_cat=0
split_feature=49 50 8 48 8 48 59 6 47 6 6 6 51 8 51 59 8 6 6 8 6 55 59 6 59 59 6 59 8 48
split_gain=3407.94 1108.71 246.912 169.63 168.221 139.153 155.558 126.659 102.561 96.7426 157.503 77.927 72.7396 68.5499 67.8872 66.8458 65.1187 87.7484 61.7038 85.5379 60.9148 59.4891 53.7308 53.2688 47.68 47.5269 45.7056 49.1868 41.1237 40.7474
threshold=21.752122750000005 22.633850925000001 3.5000000000000004 20.954631800000005 1.5000000000000002 23.255839700000003 23.508333333333336 15.500000000000002 21.587269000000003 13.500000000000002 11.500000000000002 9.5000000000000018 21.89261435277778 3.5000000000000004 22.275634441666671 30.025000000000002 2.5000000000000004 13.500000000000002 12.500000000000002 2.5000000000000004 10.500000000000002 0.10115721910349133 60.991666666666674 11.500000000000002 20.750000000000004 118.50000000000001 13.500000000000002 62.50833333333334 2.5000000000000004 21.943608100000002
decision_type=2 2 2 2 2 2 2 2 2 2 2 2 2 2 2 2 2 2 2 2 2 2 2 2 2 2 2 2 2 2
left_child=3 2 4 22 20 13 8 11 -7 10 15 -6 -13 16 -9 -5 -3 25 19 -8 -2 -17 -1 -4 29 -18 27 -25 -12 -22
right_child=1 5 23 9 7 6 18 14 -10 -11 28 12 -14 -15 -16 21 17 -19 -20 -21 24 -23 -24 26 -26 -27 -28 -29 -30 -31
leaf_value=-0.025524084493407751 0.047357108108800547 0.011955901803251446 -0.014416653076942905 -0.013367069295805856 -2.696108312973275e-07 0.060597092380577859 0.011967107513439532 -0.010654823772486777 0.02715181563346963 -0.012427327635664018 -0.011355788213415787 -0.0035707669625076178 0.0070814036154243113 -0.015717364493495142 0.0048280348628146671 0.001675562701824278 0.028299341548822562 0.0036050636599961414 0.0082076044287135042 0.028334376824015607 -0.0040468829337859877 -0.0092794381980356028 -0.0099005418969866105 0.0026203220145670117 0.01711194442917871 0.0044841407081660104 -0.013340801085427623 -0.013538336349834859 0.0021624935801801653 0.011407314261887222
leaf_weight=888 46 3205 612 2674 2810 88 587 867 1325 7218 234 642 5694 71 361 606 669 208 615 563 222 1691 255 831 858 85 340 213 1506 498
leaf_count=888 46 3205 612 2674 2810 88 587 867 1325 7218 234 642 5694 71 361 606 669 208 615 563 222 1691 255 831 858 85 340 213 1506 498
internal_value=1.87869e-11 0.00769317 0.00272341 -0.0109283 0.00434876 0.0170711 0.0218167 0.00294327 0.0292347 -0.0100166 -0.00742367 0.00415792 0.00600206 0.0135125 -0.00610327 -0.0101428 0.0140105 0.0208558 0.015878 0.01998 0.0133269 -0.00638926 -0.0220385 -0.00704661 0.0123349 0.0256146 -0.00378761 -0.000676416 0.000344518 0.00664227
internal_weight=36482 21410 13994 15072 11998 7416 3178 10374 1413 13929 6711 9146 6336 4238 1228 4971 4167 962 1765 1150 1624 2297 1143 1996 1578 754 1384 1044 1740 720
internal_count=36482 21410 13994 15072 11998 7416 3178 10374 1413 13929 6711 9146 6336 4238 1228 4971 4167 962 1765 1150 1624 2297 1143 1996 1578 754 1384 1044 1740 720
is_linear=0
shrinkage=0.03


Tree=11
num_leaves=31
num_cat=0
split_feature=9 50 8 9 59 9 8 50 51 55 28 55 8 59 8 59 8 51 54 8 59 53 59 9 51 59 15 17 54 8
split_gain=3226.06 980.467 201.453 193.638 136.716 159.202 135.609 134.647 103.239 89.1528 78.6258 64.4096 74.7914 63.1329 57.5289 47.0313 40.818 39.989 38.2167 36.4794 37.0095 35.2052 33.8687 45.7602 33.2174 32.817 38.2279 31.0433 40.2592 48.5149
threshold=21.784942500000003 22.611398362500005 1.5000000000000002 20.693063000000006 59.716666666666676 23.141230250000003 3.5000000000000004 21.597602825000003 21.858824052777781 0.925382391294303 21.586521000000001 0.81243494737726707 2.5000000000000004 30.008333333333336 1.5000000000000002 30.008333333333336 2.5000000000000004 21.230327183333337 0.79796507490928203 3.5000000000000004 45.50833333333334 0.45752147579345975 20.991666666666671 22.227645000000003 22.618092983333337 20.991666666666671 1.7989239528352217 -1.8039989999999999 0.44354003513982593 2.5000000000000004
decision_type=2 2 2 2 2 2 2 2 2 2 2 2 2 2 2 2 2 2 2 2 2 2 2 2 2 2 8 8 2 2
left_child=3 2 10 15 5 11 8 13 -4 -7 -2 12 -3 17 -9 -1 -16 -5 27 20 21 -18 23 -12 -14 -8 -27 -10 29 -29
right_child=1 4 6 7 -6 9 25 14 18 -11 22 -13 24 -15 16 -17 19 -19 -20 -21 -22 -23 -24 -25 -26 26 -28 28 -30 -31
leaf_value=-0.032307862102598339 0.04767898619624561 0.01299821837226855 -0.0048580170838990631 -0.018171704009660589 0.010358255417261526 0.0237877340798495 -0.0015660787721615416 0.012235740574969518 -0.0056715725418180225 0.050886119422705274 -0.00081416717961176543 -0.002859254283958057 0.0060806217290855086 -0.0084960033918842701 -0.0092123288975869654 -0.016935944672139647 -0.0058703553615021831 -0.011925229347373592 -0.010466745793819426 -0.0085324045805470362 0.005129658493424177 0.0085041347927194127 0.016366804040660883 0.015210840055504098 0.026905905159777675 0.00015338353024965968 -0.013344539784169621 0.0072433533842584967 0.010311659400772027 0.0019987463831590184
leaf_weight=385 58 2128 1301 1133 2225 2192 804 169 260 115 330 178 78 4836 1722 335 1107 4962 156 835 603 178 748 312 593 257 712 2575 1056 4139
leaf_count=385 58 2128 1301 1133 2225 2192 804 169 260 115 330 178 78 4836 1722 335 1107 4962 156 835 603 178 748 312 593 257 712 2575 1056 4139
internal_value=1.73999e-11 0.00800179 0.00292333 -0.00994603 0.0165964 0.0192232 0.00156881 -0.00924156 0.00299208 0.0251385 0.0134564 0.0146392 0.0157519 -0.0110555 -0.00494406 -0.0251557 -0.00559724 -0.0130864 0.00423969 -0.0033111 -0.00100189 -0.00387918 0.0120284 0.00697369 0.0244851 -0.00604682 -0.0097646 0.0045254 0.00486661 0.00401019
internal_weight=36482 20217 12708 16265 7509 5284 11260 15545 9487 2307 1448 2977 2799 10931 4614 720 4445 6095 8186 2723 1888 1285 1390 642 671 1773 969 8030 7770 6714
internal_count=36482 20217 12708 16265 7509 5284 11260 15545 9487 2307 1448 2977 2799 10931 4614 720 4445 6095 8186 2723 1888 1285 1390 642 671 1773 969 8030 7770 6714
is_linear=0
shrinkage=0.03


Tree=12
num_leaves=31
num_cat=0
split_feature=9 50 9 49 59 48 49 53 18 59 46 54 35 59 49 57 54 9 59 14 17 17 50 54 52 50 59 52 54 49
split_gain=3035.77 912.367 184.042 138.373 128.636 158.713 92.3025 87.2149 85.7127 69.9204 69.1771 47.561 46.9107 44.2607 38.1693 34.8457 32.68 27.7654 31.5368 23.6514 21.8617 20.957 20.3535 27.4362 22.4139 19.9704 27.0587 20.0481 19.8195 27.6293
threshold=21.790381500000006 22.611398362500005 20.693063000000006 21.641674650000002 59.716666666666676 23.086959350000004 21.729816700000004 0.28661476487978782 24.694027500000001 20.491666666666671 21.722675500000005 0.089613746853555096 21.587942000000002 42.750000000000007 21.259559275000004 3223.0000000000005 0.93313644365063342 24.572495500000006 21.750000000000004 2.2229803943434971 0.18169400000000005 -0.2863854999999999 23.142487050000003 0.67465145785369973 0.25125794749312974 23.694702475000003 19.741666666666671 0.2697053034031181 0.61331129925703787 22.299591350000004
decision_type=2 2 2 2 2 2 2 2 2 2 2 2 2 2 2 2 2 2 2 8 10 8 2 2 2 2 2 2 2 2
left_child=2 6 13 9 5 16 15 17 10 14 28 -5 -12 -1 -4 -2 22 -7 -19 -6 25 -14 23 -3 -24 27 -27 -9 29 -8
right_child=1 4 3 11 19 7 8 20 -10 -11 12 -13 21 -15 -16 -17 -18 18 -20 -21 -22 -23 24 -25 -26 26 -28 -29 -30 -31
leaf_value=-0.031053849894180894 -0.0066840663556777648 0.014460019153342022 -0.018093801037505845 0.010975108356444073 0.0053704126753505218 0.030559362267655297 -0.0028548302846196933 0.035776713103987272 0.044506025670663169 -0.0083610604258391938 -0.0053778791281223542 -0.0046955631468579874 -0.0018922878580693557 -0.016084894830855772 -0.011755501802709914 0.032372546909776118 -0.0025712971354045697 0.055187099758459597 0.023851920962333677 0.01209298138664751 0.017442273412410985 0.0052308514738085973 0.032301913386332655 0.004594698111312974 0.016151639403705235 0.02659558802636133 0.0023642914413529283 0.023626332292981597 -0.0082623838616980826 0.0062717671827633541
leaf_weight=400 979 1935 1061 183 677 439 1084 144 46 6372 415 3670 388 320 4406 21 108 98 41 1548 867 8865 107 292 279 81 85 808 351 412
leaf_count=400 979 1935 1061 183 677 439 1084 144 46 6372 415 3670 388 320 4406 21 108 98 41 1548 867 8865 107 292 279 81 85 808 351 412
internal_value=-4.324e-11 0.00782571 -0.00956994 -0.00888945 0.0160985 0.0186465 0.00288019 0.0240037 0.00363654 -0.0104966 0.00347327 -0.00395128 0.0044896 -0.024401 -0.0129856 -0.00586388 0.0136004 0.0342592 0.0459443 0.0100475 0.0210174 0.00493216 0.0142688 0.0131665 0.0206285 0.0237899 0.014188 0.0254642 -0.00184665 -0.000341356
internal_weight=36482 20070 16412 15692 7509 5284 12561 2563 11561 11839 11515 3853 9668 720 5467 1000 2721 578 139 2225 1985 9253 2613 2227 386 1118 166 952 1847 1496
internal_count=36482 20070 16412 15692 7509 5284 12561 2563 11561 11839 11515 3853 9668 720 5467 1000 2721 578 139 2225 1985 9253 2613 2227 386 1118 166 952 1847 1496
is_linear=0
shrinkage=0.03


Tree=13
num_leaves=31
num_cat=0
split_feature=18 50 9 6 6 59 49 47 9 47 6 59 59 16 54 17 18 55 59 51 54 48 6 55 9 9 54 59 50 55
split_gain=2860.9 857.388 172.404 150.706 153.723 120.397 146.013 96.3756 114.198 91.221 81.0043 64.2934 46.0765 40.4748 39.4192 38.5874 38.2897 37.447 36.2425 36.2172 35.7786 33.2395 33.1108 39.5452 33.5447 32.9842 32.8898 32.3366 45.6053 43.1263
threshold=21.782526000000001 22.633850925000001 20.995506000000002 13.500000000000002 11.500000000000002 34.241666666666674 23.240082050000002 21.722675500000005 24.572495500000006 21.845556500000004 10.500000000000002 45.025000000000006 30.991666666666671 -0.91124299999999969 0.25659249816902363 -0.082738999999999882 20.578508000000003 0.85714382643725717 45.991666666666674 23.209700991666669 0.39727334736883357 21.253318100000005 11.500000000000002 0.45949723463115161 22.849144000000006 22.251358500000006 0.72307544306600025 20.491666666666671 22.022687175000002 0.60976599170801526
decision_type=2 2 2 2 2 2 2 2 2 2 2 2 2 10 2 8 2 2 2 2 2 2 2 2 2 2 2 2 2 2
left_child=2 7 12 4 11 6 17 8 25 -8 20 21 16 15 -11 -12 -1 19 -10 -3 -9 -4 23 -7 -25 -2 -24 28 -17 -29
right_child=1 5 3 -5 -6 22 9 10 18 14 13 -13 -14 -15 -16 27 -18 -19 -20 -21 -22 -23 26 24 -26 -27 -28 29 -30 -31
leaf_value=-0.031813797008246179 -0.0055887446019523435 0.013773554916182283 -0.015086908333096652 -0.011322983911507557 0.0013876880941085614 0.011345096074909106 0.053280188968777654 0.0014254932557392964 0.053715403425906388 0.035420318282648335 -0.0034441332914310944 -0.0035813453422162177 -0.013146722104127564 0.01145387417469472 0.021982047398780371 -0.0032838090552558372 -0.018667201314839784 -0.0018661779101949367 0.0054466400295495989 0.025111960496648801 -0.0072641933386041104 -0.0085679803274938456 0.0099949977948606498 0.0056296111875540249 0.027937486950622325 0.0016986825705053842 -0.0024710946010014193 0.0093569459924722955 0.0053971542574759541 -0.0011059984692163172
leaf_weight=320 1747 2175 1050 7584 2181 835 100 2217 42 227 461 1767 681 983 1460 702 529 123 21 287 528 2136 1612 77 286 822 216 2469 2430 414
leaf_count=320 1747 2175 1050 7584 2181 835 100 2217 42 227 461 1767 681 983 1460 702 529 123 21 287 528 2136 1612 77 286 822 216 2469 2430 414
internal_value=3.53781e-11 0.00752822 -0.00937506 -0.0083787 -0.00524869 0.0156626 0.0188466 0.00283996 -0.00227842 0.0254405 0.00416018 -0.00817095 -0.0189597 0.0057817 0.0237903 0.00492071 -0.0236223 0.0142882 0.0376258 0.0150953 -0.000245966 -0.0107164 0.0110624 0.0149389 0.0232055 -0.00325699 0.00852198 0.00556181 0.00345142 0.00785446
internal_weight=36482 20234 16248 14718 7134 7398 4372 12836 2632 1787 10204 4953 1530 7459 1687 6476 849 2585 63 2462 2745 3186 3026 1198 363 2569 1828 6015 3132 2883
internal_count=36482 20234 16248 14718 7134 7398 4372 12836 2632 1787 10204 4953 1530 7459 1687 6476 849 2585 63 2462 2745 3186 3026 1198 363 2569 1828 6015 3132 2883
is_linear=0
shrinkage=0.03


Tree=14
num_leaves=31
num_cat=0
split_feature=18 50 8 19 8 6 6 48 6 51 6 41 6 55 8 6 50 50 8 6 55 51 14 6 6 6 46 6 50 17
split_gain=2691.82 806.717 173.213 159.814 123.364 117.818 167.943 109.445 105.545 91.3942 72.805 59.8145 46.5738 46.0146 69.3584 42.1889 39.4575 39.1361 41.3188 39.5587 38.7286 36.857 35.4279 30.5537 30.208 38.4299 26.0063 25.9545 25.705 25.2242
threshold=21.782526000000001 22.633850925000001 1.5000000000000002 20.832581000000001 3.5000000000000004 13.500000000000002 11.500000000000002 23.255839700000003 11.500000000000002 22.11366816666667 15.500000000000002 21.645216000000005 10.500000000000002 0.79029019375791976 2.5000000000000004 11.500000000000002 21.761468962500004 21.667686562500005 3.5000000000000004 10.500000000000002 0.45949723463115161 21.908388008333336 4.8144833239557796 12.500000000000002 8.5000000000000018 12.500000000000002 21.833049000000003 8.5000000000000018 22.373455550000003 0.27191799999999994
decision_type=2 2 2 2 2 2 2 2 2 2 2 2 2 2 2 2 2 2 2 2 2 2 8 2 2 2 2 2 2 10
left_child=3 2 11 26 9 6 17 13 20 10 16 -2 -11 14 24 -6 -4 19 -19 -5 -9 -17 -14 -16 -3 -26 -1 -18 -7 -10
right_child=1 7 4 5 15 28 -8 8 29 12 -12 -13 22 -15 23 21 27 18 -20 -21 -22 -23 -24 -25 25 -27 -28 -29 -30 -31
leaf_value=-0.017973878372521582 0.041040342381844917 0.027029281966388225 -0.0058869504733608125 -0.012509434831097985 -0.012049955318092508 -0.011110471888825654 0.0013120126223386175 0.021363853566001376 0.016789227079313605 0.00072906424341773668 -0.0096401616136662042 0.011161812010886313 0.012024236865455116 0.00074280174582077197 0.025613178633330538 0.0071403978103759284 -0.00071843997776405036 -0.00050660125035631909 -0.014479521496428383 -0.0067791164071832359 0.031435766420503754 -0.0053595412785403286 0.0055012185587733596 0.014088123805993991 0.0065865031004088805 0.013422476250213112 -0.029255708329563521 0.0048066812345877305 0.013002358993515371 0.0088860611589729657
leaf_weight=756 63 100 585 2299 621 7544 2190 843 1241 1332 644 1408 1022 302 470 279 1278 881 243 2052 580 888 2809 370 1375 1603 243 1907 40 514
leaf_count=756 63 100 585 2299 621 7544 2190 843 1241 1332 644 1408 1022 302 470 279 1278 881 243 2052 580 888 2809 370 1375 1603 243 1907 40 514
internal_value=2.17337e-11 0.00730237 0.00275476 -0.00909381 0.00150099 -0.00833227 -0.00570926 0.0151928 0.0193975 0.0028515 -0.000318069 0.0124414 0.00556126 0.0120262 0.012896 -0.00573273 0.00127435 -0.00851777 -0.00352744 -0.00980693 0.0254691 -0.00237112 0.00724137 0.0205367 0.0108108 0.0102662 -0.0207181 0.00258969 -0.0109833 0.0144746
internal_weight=36482 20234 12836 16248 11365 15249 7665 7398 3178 9577 4414 1471 5163 4220 3918 1788 3770 5475 1124 4351 1423 1167 3831 840 3078 2978 999 3185 7584 1755
internal_count=36482 20234 12836 16248 11365 15249 7665 7398 3178 9577 4414 1471 5163 4220 3918 1788 3770 5475 1124 4351 1423 1167 3831 840 3078 2978 999 3185 7584 1755
is_linear=0
shrinkage=0.03


Tree=15
num_leaves=31
num_cat=0
split_feature=9 50 8 9 59 6 8 8 51 51 6 40 59 51 6 6 6 6 6 6 6 59 59 8 6 55 8 59 9 51
split_gain=2540.8 782.703 179.664 150.955 115.77 154.751 123.569 113.854 92.6353 89.9314 89.3089 62.953 58.2892 57.7236 57.613 70.9989 55.4305 57.3694 54.3498 46.2455 54.5586 40.5044 39.6703 39.4383 38.7357 38.479 35.2935 33.8093 36.5693 32.7037
threshold=21.767609500000002 22.611398362500005 1.5000000000000002 20.693063000000006 59.716666666666676 8.5000000000000018 2.5000000000000004 3.5000000000000004 21.484277900000006 21.858824052777781 13.500000000000002 21.724934250000004 30.008333333333336 23.549769683333338 13.500000000000002 11.500000000000002 8.5000000000000018 15.500000000000002 8.5000000000000018 16.500000000000004 10.500000000000002 30.475000000000005 20.491666666666671 3.5000000000000004 11.500000000000002 0.67132039095141516 2.5000000000000004 20.991666666666671 22.227645000000003 21.908388008333336
decision_type=2 2 2 2 2 2 2 2 2 2 2 2 2 2 2 2 2 2 2 2 2 2 2 2 2 2 2 2 2 2
left_child=3 2 11 22 5 -3 25 9 12 -4 13 -2 -5 23 15 18 -11 -18 -10 20 -14 -19 -1 -8 -9 -7 -20 28 -13 -26
right_child=1 4 7 8 -6 6 10 24 14 16 -12 27 19 -15 -16 -17 17 21 26 -21 -22 -23 -24 -25 29 -27 -28 -29 -30 -31
leaf_value=-0.030444342780571718 0.036061196491082616 0.035482493070940056 -0.0044601995819070041 -0.012777196608988675 0.0089595156394481502 0.012902495031424422 0.028092962949520135 -0.011615292412543695 0.0014140887317483598 -0.0016790376741101969 0.0031477318148413818 -0.00084180917349451401 -0.010820326432196299 0.013765395782266033 -0.0093855446192901582 0.00080782996243722511 0.0057969877038360181 0.0010349184874422505 0.0085736826915598034 -0.011962228935921979 -0.0010676180725901223 -0.015112603130827552 -0.016233719995122072 9.647417138578329e-05 0.0061707235830647852 0.00013706683682318291 -0.0098510020614088756 0.015015155541350085 0.013429857541185071 -0.0053846634700332706
leaf_weight=312 94 383 1411 4558 2225 2796 1241 639 567 1413 207 353 852 380 2631 1807 6136 554 98 1366 1310 187 408 47 297 230 2070 757 298 855
leaf_count=312 94 383 1411 4558 2225 2796 1241 639 567 1413 207 353 852 380 2631 1807 6136 554 98 1366 1310 187 408 47 297 230 2070 757 298 855
internal_value=5.24158e-11 0.0069893 0.00253345 -0.00896812 0.0147 0.0171172 0.0156819 0.00125813 -0.00833472 0.00254116 0.0217335 0.0122911 -0.0105363 0.02404 -0.00585295 -0.00380665 0.00373283 0.00484479 -0.00685542 -0.00764113 -0.00491096 -0.0030401 -0.0223917 0.0270714 -0.00569143 0.0119322 -0.00901815 0.0107041 0.00569115 -0.00240554
internal_weight=36482 20503 12994 15979 7509 5284 4901 11492 15259 9701 1875 1502 8086 1668 7173 4542 8290 6877 2735 3528 2162 741 720 1288 1791 3026 2168 1408 651 1152
internal_count=36482 20503 12994 15979 7509 5284 4901 11492 15259 9701 1875 1502 8086 1668 7173 4542 8290 6877 2735 3528 2162 741 720 1288 1791 3026 2168 1408 651 1152
is_linear=0
shrinkage=0.03


Tree=16
num_leaves=31
num_cat=0
split_feature=9 50 8 9 59 6 8 8 51 51 6 6 59 6 6 6 6 6 6 6 55 51 59 59 6 50 8 6 6 59
split_gain=2390.64 736.445 169.046 142.034 109.781 138.408 107.125 94.5594 87.1605 84.6164 74.0434 59.6105 54.8443 54.2081 66.8028 52.1546 53.9788 51.1377 43.5124 51.3342 42.5406 41.8784 38.1106 37.5347 36.4464 35.0209 33.2077 32.425 31.6414 39.6159
threshold=21.767609500000002 22.611398362500005 1.5000000000000002 20.693063000000006 34.241666666666674 8.5000000000000018 3.5000000000000004 2.5000000000000004 21.484277900000006 21.858824052777781 13.500000000000002 10.500000000000002 30.008333333333336 13.500000000000002 11.500000000000002 8.5000000000000018 15.500000000000002 8.5000000000000018 16.500000000000004 10.500000000000002 0.67132039095141516 23.549769683333338 30.475000000000005 118.50000000000001 11.500000000000002 23.398249425000007 2.5000000000000004 13.500000000000002 13.500000000000002 62.50833333333334
decision_type=2 2 2 2 2 2 2 2 2 2 2 2 2 2 2 2 2 2 2 2 2 2 2 2 2 2 2 2 2 2
left_child=3 2 11 23 5 -3 9 20 12 -4 21 -2 -5 14 17 -11 -17 -10 19 -14 25 -9 -18 -1 -8 -7 -19 -21 29 -26
right_child=1 4 6 8 -6 7 24 10 13 15 -12 -13 18 -15 -16 16 22 26 -20 27 -22 -23 -24 -25 28 -27 -28 -29 -30 -31
leaf_value=-0.024141641135807728 0.041742974763800351 0.036404994302252427 -0.0043263935398305964 -0.012393880732813126 0.0098875028152178145 0.011949418481367647 -0.011266833727265502 0.026830737860911051 0.0013716660767162916 -0.0016286665264956036 0.0034779819575780301 0.010724540483780525 -0.010495716575688919 -0.0091039782783938865 0.0007835950210024862 0.0056230780741441484 0.00100387089511309 0.0083164719974964246 -0.011603361961641792 0.003764173030778794 -0.0013911802303474886 0.014394331743609672 -0.014659225154907149 -0.0023460355913266537 0.0033072977301470572 0.022746318341936567 -0.009555472017242236 -0.0056768012180219629 -0.012342391925569818 -0.012032621894750978
leaf_weight=640 58 316 1411 4558 3062 2070 639 1065 567 1413 179 1444 852 2631 1807 6136 554 98 1366 644 190 316 187 80 733 311 2070 666 228 191
leaf_count=640 58 316 1411 4558 3062 2070 639 1065 567 1413 179 1444 852 2631 1807 6136 554 98 1366 644 190 316 187 80 733 311 2070 666 228 191
internal_value=3.97138e-11 0.00677962 0.00245744 -0.00869907 0.014259 0.0172689 0.00122039 0.0158051 -0.00808468 0.00246492 0.021632 0.0119223 -0.0102202 -0.00567736 -0.00369245 0.00362084 0.00469944 -0.00664975 -0.00741189 -0.00476363 0.0122696 0.023985 -0.00294889 -0.0217199 -0.00552069 0.0133597 -0.00874761 -0.00103559 -0.00233337 0.000136384
internal_weight=36482 20503 12994 15979 7509 4447 11492 4131 15259 9701 1560 1502 8086 7173 4542 8290 6877 2735 3528 2162 2571 1381 741 720 1791 2381 2168 1310 1152 924
internal_count=36482 20503 12994 15979 7509 4447 11492 4131 15259 9701 1560 1502 8086 7173 4542 8290 6877 2735 3528 2162 2571 1381 741 720 1791 2381 2168 1310 1152 924
is_linear=0
shrinkage=0.03


Tree=17
num_leaves=31
num_cat=0
split_feature=9 50 8 9 60 6 8 8 51 50 6 40 51 6 6 60 6 6 6 6 6 51 8 60 6 55 8 6 55 51
split_gain=2249.35 692.921 159.055 133.639 103.858 138.023 110.651 100.794 82.0093 80.216 79.8025 56.4993 51.752 51.0044 62.8548 48.3366 48.1155 48.0141 59.7648 39.3607 51.7335 37.9783 37.1117 36.5144 34.2924 34.1317 31.2451 31.0714 30.9488 30.3619
threshold=21.767609500000002 22.611398362500005 1.5000000000000002 20.693063000000006 52.500000000000007 8.5000000000000018 2.5000000000000004 3.5000000000000004 21.484277900000006 21.740804475000001 13.500000000000002 21.724934250000004 23.549769683333338 13.500000000000002 11.500000000000002 25.000000000000004 8.5000000000000018 8.5000000000000018 15.500000000000002 16.500000000000004 10.500000000000002 22.275634441666671 3.5000000000000004 25.000000000000004 11.500000000000002 0.19955161346038194 2.5000000000000004 13.500000000000002 0.6940308521242583 22.464627183333338
decision_type=2 2 2 2 2 2 2 2 2 2 2 2 2 2 2 2 2 2 2 2 2 2 2 2 2 2 2 2 2 2
left_child=3 2 11 23 5 -3 25 9 15 -4 12 -2 22 14 16 -5 -10 -11 -19 20 -17 -20 -8 -1 -9 -7 -18 -22 -27 -15
right_child=1 4 7 8 -6 6 10 24 13 17 -12 -13 -14 29 -16 19 26 18 21 -21 27 -23 -24 -25 -26 28 -28 -29 -30 -31
leaf_value=-0.028621707993093874 0.034083452560007568 0.033465033134897834 -0.006469257363351061 -0.012335743313007524 0.0083941050861237494 0.027858352286150356 0.026533313253744355 -0.010928828698176312 0.0013305161212392028 -0.0012269868912397253 0.0029229507931281197 0.010061267436399662 0.012943375333295797 -0.0092363371968605442 0.00076008723708378338 -0.01067795203153233 0.0080669779498462688 0.0053178924316370987 -0.009004009139268538 -0.01132767687133374 0.0024668125985596551 0.0039955313119700644 -0.00062482343748845946 -0.015025591702204836 -0.0022633728634430857 0.01137507862291607 -0.0092688078492225243 -0.0059873620615040115 -0.0018150406396016477 0.016783499293392751
leaf_weight=320 94 383 840 3868 2225 107 1241 639 567 1746 207 1408 380 2590 1807 1010 98 6294 460 1639 745 361 47 400 1152 2749 2070 824 170 41
leaf_count=320 94 383 840 3868 2225 107 1241 639 567 1746 207 1408 380 2590 1807 1010 98 6294 460 1639 745 361 47 400 1152 2749 2070 824 170 41
internal_value=2.53927e-11 0.00657623 0.00238372 -0.0084381 0.0138312 0.0161206 0.0147652 0.00118377 -0.00784214 0.00239098 0.0204917 0.0115647 0.022672 -0.00550704 -0.00358168 -0.00991359 -0.00645026 0.0032309 0.00432486 -0.00769241 -0.00538214 -0.00328801 0.0255423 -0.0210683 -0.00535507 0.0112169 -0.00848518 -0.00197311 0.0106069 -0.00883086
internal_weight=36482 20503 12994 15979 7509 5284 4901 11492 15259 9701 1875 1502 1668 7173 4542 8086 2735 8861 7115 4218 2579 821 1288 720 1791 3026 2168 1569 2919 2631
internal_count=36482 20503 12994 15979 7509 5284 4901 11492 15259 9701 1875 1502 1668 7173 4542 8086 2735 8861 7115 4218 2579 821 1288 720 1791 3026 2168 1569 2919 2631
is_linear=0
shrinkage=0.03


Tree=18
num_leaves=31
num_cat=0
split_feature=9 50 9 59 6 51 22 51 9 6 59 6 6 48 6 51 6 6 17 59 54 6 54 9 54 9 59 6 51 54
split_gain=2116.42 651.97 125.741 98.6555 122.997 77.1626 74.9834 73.22 70.8069 70.4351 49.8584 47.99 59.1401 45.9679 45.2718 43.7363 37.355 56.9512 37.1439 34.6383 31.7781 30.7766 32.0136 30.6066 41.7425 29.8417 28.6241 32.8006 41.0791 44.7877
threshold=21.767609500000002 22.611398362500005 20.693063000000006 34.241666666666674 8.5000000000000018 21.484277900000006 21.726261000000004 23.244381425000004 24.706384500000002 10.500000000000002 45.491666666666674 13.500000000000002 11.500000000000002 22.699743200000004 8.5000000000000018 23.549769683333338 15.500000000000002 9.5000000000000018 -0.37730449999999988 118.50000000000001 0.62256416747013199 11.500000000000002 0.72307544306600025 24.572495500000006 0.39727334736883357 24.572495500000006 60.00833333333334 12.500000000000002 23.268537541666671 0.56947434685261467
decision_type=2 2 2 2 2 2 2 2 2 2 2 2 2 2 2 2 2 2 8 2 2 2 2 2 2 2 2 2 2 2
left_child=2 6 19 4 25 10 8 -6 -2 23 -4 12 14 -9 -7 -15 17 -12 -11 -1 -17 -5 26 24 -8 -3 27 28 29 -23
right_child=1 3 5 21 7 11 9 13 -10 18 16 -13 -14 15 -16 20 -18 -19 -20 -21 -22 22 -24 -25 -26 -27 -28 -29 -30 -31
leaf_value=-0.022762682471840576 -0.0040401338849016749 0.027759017792131219 -0.01118073456196172 0.013003392791400422 0.011658808573538066 0.0012906006210183024 0.00093587788918090772 0.0021129664851707542 0.040974587858654557 -0.0041746606227339601 -0.011067069893265141 -0.0085659332017557228 0.00073728461873252057 0.025147483308368974 -0.0082306237739322718 0.01826848096480611 -0.010366365126900893 0.0014973347744308616 0.0052167279551104612 -0.0018248868685914203 0.0006731530324293253 -0.0053716645463167591 -0.0037069498938057028 0.034717878313227132 -0.0077160120003803238 0.047285063460750398 0.004225401453749892 0.0080564812308721312 0.036027131961286069 0.025384406302095455
leaf_weight=640 1827 210 5611 1206 2497 567 2515 122 32 399 500 2631 1807 956 2168 439 1049 926 7572 80 117 76 227 22 627 106 791 565 100 97
leaf_count=640 1827 210 5611 1206 2497 567 2515 122 32 399 500 2631 1807 956 2168 439 1049 926 7572 80 117 76 227 22 627 106 791 565 100 97
internal_value=3.90051e-11 0.00637894 -0.00818496 0.0134163 0.0162696 -0.00760688 0.00231221 0.0148897 -0.00326527 0.00324337 -0.00961618 -0.00534183 -0.00347423 0.019827 -0.00625675 0.0212564 -0.00606922 -0.00290814 0.00474663 -0.0204363 0.0145659 0.00927223 0.00684778 -0.000543746 -0.000790645 0.0343089 0.00831857 0.0121822 0.0207207 0.0118731
internal_weight=36482 20503 15979 7509 4447 15259 12994 4131 1859 11135 8086 7173 4542 1634 2735 1512 2475 1426 7971 720 556 3062 1856 3164 3142 316 1629 838 273 173
internal_count=36482 20503 15979 7509 4447 15259 12994 4131 1859 11135 8086 7173 4542 1634 2735 1512 2475 1426 7971 720 556 3062 1856 3164 3142 316 1629 838 273 173
is_linear=0
shrinkage=0.03


Tree=19
num_leaves=31
num_cat=0
split_feature=18 49 19 59 48 47 47 50 59 36 55 59 53 51 7 28 18 55 51 7 54 51 54 59 51 47 34 59 51 14
split_gain=1994.65 594.958 120.326 116.245 123.737 83.4457 77.5741 72.7457 54.695 39.2732 38.9694 38.6871 36.5534 34.7568 31.2674 28.8083 24.195 23.0276 39.1328 25.2554 22.4397 20.9324 25.2808 20.8792 19.9713 19.3748 26.5566 18.9105 26.2475 18.5034
threshold=21.782526000000001 22.593125600000004 20.832581000000001 59.716666666666676 23.255839700000003 21.722675500000005 21.587269000000003 21.740804475000001 60.50833333333334 21.624246500000002 0.47272841823390493 81.250000000000014 0.28661476487978782 22.571463850000004 31.500000000000004 21.633223750000003 24.564759000000006 0.79029019375791976 23.244381425000004 30.500000000000004 0.093137572440314051 23.549769683333338 0.62256416747013199 37.250000000000007 23.268537541666671 21.160145500000002 21.276363500000006 20.491666666666671 21.230327183333337 2.2229803943434971
decision_type=2 2 2 2 2 2 2 2 2 2 2 2 2 2 2 2 2 2 2 2 2 2 2 2 2 2 2 2 2 8
left_child=2 5 11 4 17 16 23 8 27 -7 20 -1 -8 -5 -12 -11 25 18 -3 -20 -9 24 -23 -6 -14 -2 -27 28 -4 -15
right_child=1 3 7 13 6 9 12 10 -10 15 14 -13 21 29 -16 -17 -18 -19 19 -21 -22 22 -24 -25 -26 26 -28 -29 -30 -31
leaf_value=-0.021070195677407935 -0.010434146907160446 0.010756850822109646 -0.015248636147904865 -0.0030892812039306971 0.047356142877774725 -0.0043421093606457774 0.026930481059528232 0.014560327890935832 -0.0041031008273549911 -0.0042800556235165601 -0.010349388456141405 -0.0068698086762624616 0.014606917983968 0.0041032775321858369 -0.00044289311353537823 0.0042400540969673361 0.02669209764674306 -2.9951746109873054e-05 0.026501573664519714 0.01209597122244304 -0.00025467760560105973 0.01515841007996045 -0.0026689505025618869 0.016660575345158576 0.022730055876961409 0.014117472871016203 -0.0026998452297124918 -0.0075804908845853811 -0.0093958428213422752 0.01032925839411543
leaf_weight=777 278 2807 799 268 118 551 434 99 2467 372 748 222 471 621 465 8957 25 148 255 192 1304 366 89 24 646 88 2130 4330 5037 1394
leaf_count=777 278 2807 799 268 118 551 434 99 2467 372 748 222 471 621 465 8957 25 148 255 192 1304 366 89 24 646 88 2130 4330 5037 1394
internal_value=2.22976e-11 0.006286 -0.0078281 0.0127587 0.0151027 0.00219755 0.02074 -0.00716731 -0.00811022 0.00344064 -0.00261388 -0.0179146 0.0192232 0.00706053 -0.00655176 0.00390031 -0.00267423 0.0115433 0.0120697 0.0203139 0.000790715 0.0170954 0.0116713 0.0421682 0.0193048 -0.00296836 -0.00203261 -0.00908263 -0.0101971 0.00841048
internal_weight=36482 20234 16248 7833 5550 12401 2148 15249 12633 9880 2616 999 2006 2283 1213 9329 2521 3402 3254 447 1403 1572 455 142 1117 2496 2218 10166 5836 2015
internal_count=36482 20234 16248 7833 5550 12401 2148 15249 12633 9880 2616 999 2006 2283 1213 9329 2521 3402 3254 447 1403 1572 455 142 1117 2496 2218 10166 5836 2015
is_linear=0
shrinkage=0.03


Tree=20
num_leaves=31
num_cat=0
split_feature=9 49 8 9 59 6 8 51 51 51 6 51 59 6 6 6 54 8 6 6 59 6 59 6 6 59 6 59 6 51
split_gain=1878.08 579.51 119.73 112.757 107.974 138.455 87.7147 85.7491 69.2709 66.3011 54.0277 53.0049 44.4907 44.0262 54.6474 40.983 40.3802 36.7511 35.302 53.1635 35.0736 33.8351 33.0347 32.4772 31.3199 32.6422 33.7756 30.716 35.2621 31.6
threshold=21.767609500000002 22.593125600000004 1.5000000000000002 20.693063000000006 59.716666666666676 8.5000000000000018 3.5000000000000004 23.244381425000004 21.484277900000006 22.099723433333335 15.500000000000002 23.549769683333338 45.491666666666674 13.500000000000002 11.500000000000002 8.5000000000000018 0.54631515232773509 3.5000000000000004 15.500000000000002 9.5000000000000018 30.008333333333336 10.500000000000002 20.491666666666671 10.500000000000002 9.5000000000000018 42.750000000000007 8.5000000000000018 30.008333333333336 12.500000000000002 21.933323883333333
decision_type=2 2 2 2 2 2 2 2 2 2 2 2 2 2 2 2 2 2 2 2 2 2 2 2 2 2 2 2 2 2
left_child=3 2 23 22 5 -3 9 21 12 10 20 -9 -5 14 15 -10 -13 -6 19 -14 -4 -7 -1 -2 25 26 -11 28 29 -25
right_child=1 4 6 8 17 7 -8 11 13 24 -12 16 18 -15 -16 -17 -18 -19 -20 -21 -22 -23 -24 27 -26 -27 -28 -29 -30 -31
leaf_value=-0.026660287583676667 0.04156312737081732 0.031599704855570086 -0.001910331248699745 -0.010544635936697837 0.0075483435393292201 0.002091838287915029 -0.0053886515675029452 0.022191433636376771 0.001278208704534721 -0.0039572713304432509 -0.008603519589735693 0.016844884236905208 -0.010526061310486402 -0.0081049042540225925 0.00082037984750191835 -0.0077808040826362551 0.0013810531675557509 -0.017276670522987841 -0.0098935014057218197 0.0016133371739008124 0.0039197273067857648 0.011529654987400979 -0.01369251846390826 0.0096193872057781429 0.0055670985434561364 -0.0068953811138293105 0.011634623472762368 0.013731276991698958 0.0098063682398233515 -0.0092542952647389366
leaf_weight=312 28 405 2027 5611 2220 389 1680 1215 567 230 651 464 500 2631 1807 2168 226 55 1049 926 1714 2822 408 127 4045 408 274 703 605 215
leaf_count=312 28 405 2027 5611 2220 389 1680 1215 567 230 651 464 500 2631 1807 2168 226 55 1049 926 1714 2822 408 127 4045 408 274 703 605 215
internal_value=-1.68522e-12 0.00600905 0.0020585 -0.00771034 0.0124482 0.0147145 0.000922627 0.0133779 -0.00716292 0.00205675 -0.000627213 0.0184203 -0.0090667 -0.00501682 -0.00322801 -0.00590276 0.0117799 0.00694818 -0.00571611 -0.00264311 0.000760805 0.0103863 -0.0193119 0.00952425 0.0044348 -0.000587282 0.00451927 0.00898056 0.0054539 -0.00224565
internal_weight=36482 20503 12707 15979 7796 5521 11029 5116 15259 9349 4392 1905 8086 7173 4542 2735 690 2275 2475 1426 3741 3211 720 1678 4957 912 504 1650 947 342
internal_count=36482 20503 12707 15979 7796 5521 11029 5116 15259 9349 4392 1905 8086 7173 4542 2735 690 2275 2475 1426 3741 3211 720 1678 4957 912 504 1650 947 342
is_linear=0
shrinkage=0.03


Tree=21
num_leaves=31
num_cat=0
split_feature=18 50 8 9 6 6 8 59 9 48 51 6 59 41 6 59 14 8 6 59 59 59 9 59 6 8 8 15 6 48
split_gain=1770.84 525.373 123.589 111.697 99.6045 102.155 86.3596 83.337 99.5839 65.1681 64.3173 51.9989 51.3245 42.6806 38.0419 35.8953 33.1788 32.9864 42.7348 32.7577 31.2278 30.2909 32.2979 29.2294 27.5141 109.858 27.4485 26.937 26.5317 24.763
threshold=21.782526000000001 22.633850925000001 1.5000000000000002 20.995506000000002 13.500000000000002 11.500000000000002 3.5000000000000004 34.241666666666674 23.236916500000003 24.306865900000002 22.11366816666667 15.500000000000002 90.02500000000002 21.734917500000005 10.500000000000002 30.991666666666671 4.8144833239557796 2.5000000000000004 13.500000000000002 60.491666666666674 20.475000000000005 21.491666666666671 22.227645000000003 20.508333333333336 11.500000000000002 2.5000000000000004 3.5000000000000004 1.9412938787842868 7.5000000000000009 21.655803500000001
decision_type=2 2 2 2 2 2 2 2 2 2 2 2 2 2 2 2 8 2 2 2 2 2 2 2 2 2 2 8 2 2
left_child=3 2 13 15 5 12 10 8 17 -10 11 20 29 19 -12 28 -16 -3 26 -2 -4 22 -15 -8 25 -9 -19 -25 -1 -5
right_child=1 7 6 4 -6 -7 23 24 9 -11 14 -13 -14 21 16 -17 -18 18 -20 -21 -22 -23 -24 27 -26 -27 -28 -29 -30 -31
leaf_value=-0.02790625457400861 0.039712628145536326 0.0093813214878806783 -0.0020086576476946987 -0.0089066254693704171 -0.0089674874446786183 0.00138063111590773 -0.00065318339740232535 0.0068626700019033624 0.018938708614486575 0.040538397777254563 0.00022979695127064545 -0.0082133485624958577 0.00098721112587618989 -0.0019786188328381332 0.010744019605570433 -0.0099599219102831458 0.004431443275064317 0.021925516717118256 0.0026880749264168308 -7.6041691750288005e-05 0.0034797403306735426 0.013282683460934664 0.011437358174761018 -0.00076627049382704154 0.0061473096443824312 0.028071856072687858 -0.010845075640827418 -0.011629406897367533 -0.015973289427262848 -0.0034066059233308281
leaf_weight=230 73 1979 1696 3282 7584 2181 812 908 1526 137 1332 644 721 342 1022 681 2809 554 152 25 2074 725 306 294 1828 290 24 682 619 950
leaf_count=230 73 1979 1696 3282 7584 2181 812 908 1526 137 1332 644 721 342 1022 681 2809 554 152 25 2074 725 306 294 1828 290 24 682 619 950
internal_value=5.02244e-12 0.00592285 0.00225293 -0.00737586 -0.00657388 -0.00402928 0.00119387 0.0122904 0.0149394 0.0207181 0.00232383 -0.000335093 -0.00641148 0.0104352 0.00459702 -0.0150906 0.00611546 0.0113919 0.0168425 0.0295625 0.00101069 0.00906999 0.0043567 -0.00485846 0.00846313 0.0119968 0.0205648 -0.00835711 -0.019206 -0.00767198
internal_weight=36482 20234 12836 16248 14718 7134 11365 7398 4372 1663 9577 4414 4953 1471 5163 1530 3831 2709 730 98 3770 1373 648 1788 3026 1198 578 976 849 4232
internal_count=36482 20234 12836 16248 14718 7134 11365 7398 4372 1663 9577 4414 4953 1471 5163 1530 3831 2709 730 98 3770 1373 648 1788 3026 1198 578 976 849 4232
is_linear=0
shrinkage=0.03


Tree=22
num_leaves=31
num_cat=0
split_feature=9 49 8 9 59 6 6 6 51 8 6 51 59 54 9 51 8 6 51 6 6 59 6 15 59 55 8 59 6 51
split_gain=1667.49 497.602 104.916 104.342 98.0086 125.572 94.2696 103.095 75.4474 69.0457 58.1835 49.7449 47.0744 37.4378 34.3818 33.8195 33.2523 30.1871 29.8372 29.8169 27.8452 30.0994 31.5644 25.9493 32.6272 25.2157 29.8125 24.417 35.4483 25.314
threshold=21.790381500000006 22.593125600000004 3.5000000000000004 20.995506000000002 59.716666666666676 8.5000000000000018 13.500000000000002 11.500000000000002 23.244381425000004 1.5000000000000002 16.500000000000004 23.549769683333338 60.475000000000009 0.54631515232773509 20.467745500000003 22.11366816666667 3.5000000000000004 10.500000000000002 22.442502083333338 10.500000000000002 9.5000000000000018 42.750000000000007 8.5000000000000018 1.7989239528352217 21.250000000000004 0.10115721910349133 2.5000000000000004 30.008333333333336 12.500000000000002 21.869954794444446
decision_type=2 2 2 2 2 2 2 2 2 2 2 2 2 2 2 2 2 2 2 2 2 2 2 8 2 2 2 2 2 2
left_child=3 2 9 14 5 -3 7 12 17 19 15 -10 -5 -13 -1 -11 -6 -7 -8 -2 21 22 -17 -4 -25 -9 -27 28 29 -21
right_child=1 4 23 6 16 8 18 25 11 10 -12 13 -14 -15 -16 20 -18 -19 -20 27 -22 -23 -24 24 -26 26 -28 -29 -30 -31
leaf_value=-0.021628887864773988 0.039567805366324531 0.029972599401518148 0.0011534395293681882 -0.0078975853769754304 0.0070606078683070677 0.0019049793966150997 -0.0087785652047043111 0.010166359539221351 0.020999994457225071 0.00052576007498215775 -0.011575119323423647 0.015790663341031175 -0.0011667960381092563 0.0009009016846281896 -0.011704704356749668 -0.0042780452887195026 -0.016553526492281395 0.010880673170741087 0.01545589974797938 0.015434853806056911 0.0053580224994791217 -0.0068035549301349255 0.01124232984276066 -0.0019794221856551226 -0.011886530863169884 -0.0076980869229718116 0.0021059609713002798 0.012703881695868688 0.0093622906120594054 -0.007207295849652167
leaf_weight=432 28 405 450 3758 2217 383 7589 270 1215 4044 271 464 1245 226 1152 210 55 2822 46 54 3851 388 269 558 645 339 1581 664 600 251
leaf_count=432 28 405 450 3758 2217 383 7589 270 1215 4044 271 464 1245 226 1152 210 55 2822 46 54 3851 388 269 558 645 339 1581 664 600 251
internal_value=3.0235e-12 0.0057999 0.00203874 -0.00709262 0.0117327 0.0138929 -0.0063108 -0.00384638 0.0126185 0.0031321 0.00211547 0.0173467 -0.00622262 0.0109137 -0.0144113 0.00253891 0.00648896 0.00980807 -0.00863256 0.00888234 0.00426447 -0.000592828 0.00443799 -0.00499231 -0.00729121 0.0015821 0.000374934 0.00833474 0.00512909 -0.00319852
internal_weight=36482 20070 12283 16412 7787 5515 14828 7193 5110 10630 9033 1905 5003 690 1584 8762 2272 3205 7635 1597 4718 867 479 1653 1203 2190 1920 1569 905 305
internal_count=36482 20070 12283 16412 7787 5515 14828 7193 5110 10630 9033 1905 5003 690 1584 8762 2272 3205 7635 1597 4718 867 479 1653 1203 2190 1920 1569 905 305
is_linear=0
shrinkage=0.03


Tree=23
num_leaves=31
num_cat=0
split_feature=18 50 9 6 6 59 9 48 47 9 6 59 59 16 9 6 59 6 55 9 55 54 6 48 17 59 55 6 59 59
split_gain=1572.43 464.416 98.7551 87.9058 90.7199 76.1705 96.3003 57.1295 52.9888 65.931 50.7184 46.6301 33.7722 32.5405 27.7623 25.0522 38.0322 31.6765 38.692 31.4802 28.4273 24.8903 23.8556 23.6853 23.5235 27.349 28.9675 22.1939 30.9883 22.8242
threshold=21.782526000000001 22.633850925000001 20.995506000000002 13.500000000000002 11.500000000000002 28.750000000000004 23.236916500000003 24.306865900000002 21.722675500000005 24.706384500000002 10.500000000000002 45.025000000000006 30.991666666666671 -0.12908249999999952 22.251358500000006 12.500000000000002 90.00833333333334 11.500000000000002 0.40252380895000189 23.141230250000003 0.7159627463649294 0.39727334736883357 7.5000000000000009 21.253318100000005 -0.082738999999999882 15.008333333333335 0.63415660365908455 9.5000000000000018 30.508333333333336 59.716666666666676
decision_type=2 2 2 2 2 2 2 2 2 2 2 2 2 10 2 2 2 2 2 2 2 2 2 2 8 2 2 2 2 2
left_child=2 8 12 4 11 6 -3 -8 9 14 21 23 22 24 -2 16 19 18 -18 -7 -17 27 -1 -4 -12 -26 -27 29 -29 -10
right_child=1 5 3 -5 -6 15 7 -9 10 -11 13 -13 -14 -15 -16 20 17 -19 -20 -21 -22 -23 -24 -25 25 26 -28 28 -30 -31
leaf_value=-0.02644608908243801 -0.004451894643615225 0.010875550199448612 -0.011907796819534685 -0.0084449540906295986 0.0012923453654213185 0.008732011050262601 0.019123086704926941 0.040654275166939521 0.0021258050509549869 0.03393618119597111 -0.002814615539320631 -0.0021420832013878148 -0.009227791575936492 0.0098071684416702748 0.0021876066054175337 0.0073306324834686411 0.0021570850859069716 -0.0049406600925272492 0.019618288935459357 0.017114125218209555 -0.0044656145352784966 -0.0062305189184057369 -0.015130925217924732 -0.0064049338822426156 0.0015249950888342493 0.0066482819144554287 -0.0013416481751633471 -0.00015646936032152192 0.018779035708375115 -0.0048391947260605309
leaf_weight=230 1747 2191 1050 7584 2181 764 1220 122 1267 46 468 1767 681 881 839 1344 291 211 188 854 213 528 619 2136 2239 3407 464 172 142 636
leaf_count=230 1747 2191 1050 7584 2181 764 1220 122 1267 46 468 1767 681 881 839 1344 291 211 188 854 213 528 619 2136 2239 3407 464 172 142 636
internal_value=2.146e-11 0.00558119 -0.00695039 -0.0061963 -0.0038058 0.011568 0.0147519 0.0210805 0.00213074 -0.00166451 0.00310968 -0.00605071 -0.0142044 0.00439275 -0.00229778 0.00865754 0.0106413 0.00474416 0.00901033 0.0131562 0.00571689 -0.000376807 -0.0181963 -0.0082185 0.00366759 0.0041641 0.00569056 0.00101731 0.00840672 -0.000201962
internal_weight=36482 20234 16248 14718 7134 7398 3533 1342 12836 2632 10204 4953 1530 7459 2586 3865 2308 690 479 1618 1557 2745 849 3186 6578 6110 3871 2217 314 1903
internal_count=36482 20234 16248 14718 7134 7398 3533 1342 12836 2632 10204 4953 1530 7459 2586 3865 2308 690 479 1618 1557 2745 849 3186 6578 6110 3871 2217 314 1903
is_linear=0
shrinkage=0.03


Tree=24
num_leaves=31
num_cat=0
split_feature=49 49 59 6 22 9 51 6 6 51 44 54 59 55 38 6 6 51 59 6 55 6 46 6 59 51 6 39 6 59
split_gain=1484.49 474.171 90.1966 105.99 78.4979 69.7343 61.0858 56.0417 76.3549 50.1148 43.8699 42.9197 39.6587 43.3199 38.5308 38.297 35.1276 31.5548 31.2988 29.293 37.6569 24.3035 23.7878 23.3577 21.7352 21.6958 22.6222 20.7683 20.7374 20.0664
threshold=21.752122750000005 22.593125600000004 60.00833333333334 8.5000000000000018 20.963720500000004 21.589723500000002 23.244381425000004 13.500000000000002 11.500000000000002 23.549769683333338 21.714876000000004 0.54631515232773509 30.025000000000002 0.10115721910349133 21.637470500000003 7.5000000000000009 10.500000000000002 22.571463850000004 45.00833333333334 11.500000000000002 0.41551430765095426 9.5000000000000018 22.416967000000003 13.500000000000002 15.491666666666669 21.336447566666671 9.5000000000000018 21.344463500000003 13.500000000000002 15.008333333333335
decision_type=2 2 2 2 2 2 2 2 2 2 2 2 2 2 2 2 2 2 2 2 2 2 2 2 2 2 2 2 2 2
left_child=4 5 3 22 18 -2 16 8 12 23 28 -11 25 -14 -12 -16 -5 -4 -1 20 -19 -22 -3 -8 27 -6 -27 -10 -7 -17
right_child=1 2 17 6 7 10 9 -9 24 11 14 -13 13 -15 15 29 -18 19 -20 -21 21 -23 -24 -25 -26 26 -28 -29 -30 -31
leaf_value=-0.017253278375410443 -0.0057619517491931558 0.036719449871538468 -0.0059715324109156599 0.0011307984815923393 -0.012113905004583873 0.0001573733730595457 0.019674480251568954 -0.0083315154914668215 0.0091141940031744789 0.014506970124409765 -0.0055346721660184837 -0.00043703801194134781 0.0033756864945601144 -0.0061069274512798371 -0.0022484507643260846 0.0021071676780345192 0.010254112566742427 0.0055716615340658804 -0.0079198750993411168 0.0023276136556740824 0.0082893193127967207 0.026905214420285511 0.021863635188008813 -0.0030470607735748798 0.003130033312542844 0.00016787687769216015 -0.0087041038358468964 -0.0067491417475260447 -0.0065754282458248218 0.0050890413258668265
leaf_weight=912 1048 149 212 432 1131 1476 1335 7218 89 509 447 262 598 1577 954 3083 3145 470 501 778 103 163 278 42 1202 343 1052 449 571 5953
leaf_count=912 1048 149 212 432 1131 1476 1335 7218 89 509 447 262 598 1577 954 3083 3145 470 501 778 103 163 278 42 1202 343 1052 449 571 5953
internal_value=1.0259e-11 0.00507747 0.0109288 0.0126291 -0.00721262 0.00167097 0.0115537 -0.00651627 -0.00448204 0.0155526 0.00229495 0.00942872 -0.00646925 -0.00349975 0.00308254 0.00346811 0.00915228 0.00486845 -0.013944 0.00638634 0.0106767 0.0196968 0.0270475 0.0189814 0.000886838 -0.00902611 -0.00652268 -0.00412491 -0.00172071 0.00407165
internal_weight=36482 21410 7878 6152 15072 13532 5725 13659 6441 2148 12484 771 4701 2175 10437 9990 3577 1726 1413 1514 736 266 427 1377 1740 2526 1395 538 2047 9036
internal_count=36482 21410 7878 6152 15072 13532 5725 13659 6441 2148 12484 771 4701 2175 10437 9990 3577 1726 1413 1514 736 266 427 1377 1740 2526 1395 538 2047 9036
is_linear=0
shrinkage=0.03


end of trees

feature_importances:
hour=180
target_minutes_ahead=105
day_of_week=102
temp_roll_mean_30=66
source_temp=53
temp_roll_mean_20=41
temp_roll_std_30=36
temp_roll_std_20=30
temp_roll_mean_10=17
temp_roll_mean_5=15
temp_lag_30=13
nearest_person_dy=11
temp_lag_1=11
requested_horizon_min=10
temp_lag_29=8
temp_roll_std_10=7
minute=6
nearest_person_distance=6
temp_lag_2=5
mean_person_distance=3
temp_lag_11=3
temp_lag_28=3
nearest_person_dx=2
temp_lag_5=2
temp_lag_23=2
temp_lag_24=2
temp_roll_std_5=2
temp_lag_3=1
temp_lag_12=1
temp_lag_17=1
temp_lag_18=1
temp_lag_19=1
temp_lag_21=1
temp_lag_22=1
temp_lag_27=1
seconds_since_previous=1

parameters:
[boosting: gbdt]
[objective: regression]
[metric: rmse,l2]
[tree_learner: serial]
[device_type: cpu]
[data_sample_strategy: bagging]
[data: ]
[valid: ]
[num_iterations: 1200]
[learning_rate: 0.03]
[num_leaves: 31]
[num_threads: 8]
[seed: 42]
[deterministic: 0]
[force_col_wise: 0]
[force_row_wise: 0]
[histogram_pool_size: -1]
[max_depth: -1]
[min_data_in_leaf: 20]
[min_sum_hessian_in_leaf: 0.001]
[bagging_fraction: 0.85]
[pos_bagging_fraction: 1]
[neg_bagging_fraction: 1]
[bagging_freq: 0]
[bagging_seed: 400]
[bagging_by_query: 0]
[feature_fraction: 0.85]
[feature_fraction_bynode: 1]
[feature_fraction_seed: 30056]
[extra_trees: 0]
[extra_seed: 12879]
[early_stopping_round: 0]
[early_stopping_min_delta: 0]
[first_metric_only: 0]
[max_delta_step: 0]
[lambda_l1: 0]
[lambda_l2: 0]
[linear_lambda: 0]
[min_gain_to_split: 0]
[drop_rate: 0.1]
[max_drop: 50]
[skip_drop: 0.5]
[xgboost_dart_mode: 0]
[uniform_drop: 0]
[drop_seed: 17869]
[top_rate: 0.2]
[other_rate: 0.1]
[min_data_per_group: 100]
[max_cat_threshold: 32]
[cat_l2: 10]
[cat_smooth: 10]
[max_cat_to_onehot: 4]
[top_k: 20]
[monotone_constraints: ]
[monotone_constraints_method: basic]
[monotone_penalty: 0]
[feature_contri: ]
[forcedsplits_filename: ]
[refit_decay_rate: 0.9]
[cegb_tradeoff: 1]
[cegb_penalty_split: 0]
[cegb_penalty_feature_lazy: ]
[cegb_penalty_feature_coupled: ]
[path_smooth: 0]
[interaction_constraints: ]
[verbosity: -1]
[saved_feature_importance_type: 0]
[use_quantized_grad: 0]
[num_grad_quant_bins: 4]
[quant_train_renew_leaf: 0]
[stochastic_rounding: 1]
[linear_tree: 0]
[max_bin: 255]
[max_bin_by_feature: ]
[min_data_in_bin: 3]
[bin_construct_sample_cnt: 200000]
[data_random_seed: 175]
[is_enable_sparse: 1]
[enable_bundle: 1]
[use_missing: 1]
[zero_as_missing: 0]
[feature_pre_filter: 1]
[pre_partition: 0]
[two_round: 0]
[header: 0]
[label_column: ]
[weight_column: ]
[group_column: ]
[ignore_column: ]
[categorical_feature: 0,1]
[forcedbins_filename: ]
[precise_float_parser: 0]
[parser_config_file: ]
[objective_seed: 16083]
[num_class: 1]
[is_unbalance: 0]
[scale_pos_weight: 1]
[sigmoid: 1]
[boost_from_average: 1]
[reg_sqrt: 0]
[alpha: 0.9]
[fair_c: 1]
[poisson_max_delta_step: 0.7]
[tweedie_variance_power: 1.5]
[lambdarank_truncation_level: 30]
[lambdarank_norm: 1]
[label_gain: ]
[lambdarank_position_bias_regularization: 0]
[eval_at: ]
[multi_error_top_k: 1]
[auc_mu_weights: ]
[num_machines: 1]
[local_listen_port: 12400]
[time_out: 120]
[machine_list_filename: ]
[machines: ]
[gpu_platform_id: -1]
[gpu_device_id: -1]
[gpu_use_dp: 0]
[num_gpu: 1]

end of parameters

pandas_categorical:[["cableduct_1", "cableduct_2", "cableduct_3", "cableduct_4", "chair_1", "machine_1", "machine_2", "machine_3", "machine_4", "machine_5", "machine_6", "screen_1", "screen_2", "window_1"], ["Cableduct", "Chair", "Machine", "Screen", "Window"]]
