tree
version=v4
num_class=1
num_tree_per_iteration=1
label_index=0
max_feature_idx=60
objective=regression
feature_names=object_id canonical_label display_x display_y anchor_x anchor_y hour minute day_of_week source_temp people_count_total people_count_within_1m people_count_within_2m people_count_within_3m nearest_person_distance mean_person_distance nearest_person_dx nearest_person_dy temp_lag_1 temp_lag_2 temp_lag_3 temp_lag_4 temp_lag_5 temp_lag_6 temp_lag_7 temp_lag_8 temp_lag_9 temp_lag_10 temp_lag_11 temp_lag_12 temp_lag_13 temp_lag_14 temp_lag_15 temp_lag_16 temp_lag_17 temp_lag_18 temp_lag_19 temp_lag_20 temp_lag_21 temp_lag_22 temp_lag_23 temp_lag_24 temp_lag_25 temp_lag_26 temp_lag_27 temp_lag_28 temp_lag_29 temp_lag_30 temp_roll_mean_5 temp_roll_mean_10 temp_roll_mean_20 temp_roll_mean_30 temp_roll_std_5 temp_roll_std_10 temp_roll_std_20 temp_roll_std_30 temp_delta_1 seconds_since_previous observations_in_frame target_minutes_ahead requested_horizon_min
feature_infos=none none none none none none [6:21] [0:59] [1:4] [20.253723000000001:25.571992999999999] [0:5] none [0:1] [0:3] [0.61229592593287796:8.6407233210881724] [1.1340163556510112:8.6407233210881724] [-8.1130940000000002:1.6071270000000002] [-0.092711999999999684:4.3729080000000007] [20.253723000000001:25.571992999999999] [20.253723000000001:25.571992999999999] [20.253723000000001:25.571992999999999] [20.253723000000001:25.571992999999999] [20.253723000000001:25.571992999999999] [20.253723000000001:25.571992999999999] [20.253723000000001:25.571992999999999] [20.253723000000001:25.571992999999999] [20.253723000000001:25.571992999999999] [20.253723000000001:25.571992999999999] [20.253723000000001:25.571992999999999] [20.253723000000001:25.571992999999999] [20.253723000000001:25.571992999999999] [20.253723000000001:25.571992999999999] [20.253723000000001:25.571992999999999] [20.253723000000001:25.571992999999999] [20.253723000000001:25.571992999999999] [20.253723000000001:25.571992999999999] [20.253723000000001:25.571992999999999] [20.253723000000001:25.571992999999999] [20.253723000000001:25.571992999999999] [20.253723000000001:25.571992999999999] [20.253723000000001:25.571992999999999] [20.253723000000001:25.571992999999999] [20.253723000000001:25.571992999999999] [20.253723000000001:25.571992999999999] [20.253723000000001:25.571992999999999] [20.253723000000001:25.571992999999999] [20.253723000000001:25.571992999999999] [20.253723000000001:25.571992999999999] [20.313429599999999:25.486100199999999] [20.361564900000001:25.457069499999999] [20.41059825:25.37707515] [20.414509499999998:25.366136633333333] [0.0038862633724495118:1.637126654505761] [0.010658555971830361:1.559210064982312] [0.018240289501578272:1.4351987795400227] [0.029653856570367506:1.300701979513164] [-2.4650719999999993:3.0526979999999995] [27:314103] [1:2] [5:131] [5:120]
tree_sizes=2740 2898 2903 2911 2940 2918 2918 2897 2922

Tree=0
num_leaves=31
num_cat=0
split_feature=50 48 50 55 8 48 8 59 8 31 60 8 9 47 8 59 48 28 55 59 7 8 30 59 18 7 9 59 51 50
split_gain=17605.7 3331.8 1942.27 914.653 768.587 485.21 431.022 265.166 260.026 259.94 246.633 241.764 232.444 231.672 260.071 205.45 205.286 203.749 184.274 169.397 165.561 148.281 141.52 128.572 108.015 99.9162 97.9963 96.7003 96.5147 88.0853
threshold=22.319926025000004 23.063347700000005 21.328582275000006 0.22402707263965074 1.5000000000000002 24.586421800000007 1.5000000000000002 90.458333333333357 3.5000000000000004 21.232723500000002 52.500000000000007 1.5000000000000002 21.536619000000005 21.529036500000004 1.5000000000000002 44.658333333333339 23.912405800000005 20.625289000000006 0.23391600474226895 84.958333333333357 34.500000000000007 3.5000000000000004 24.052111500000006 30.008333333333336 24.941010500000001 33.500000000000007 22.957801000000003 30.450000000000003 21.935214600000005 20.885782975000005
decision_type=2 2 2 2 2 2 2 2 2 2 2 2 2 2 2 2 2 2 2 2 2 2 2 2 2 2 2 2 2 2
left_child=2 8 11 6 9 10 7 25 18 -4 16 -1 -6 -12 -15 -8 26 -13 20 24 -2 28 -9 29 -7 -3 -5 -11 -14 -19
right_child=1 3 4 5 12 19 15 22 -10 27 13 17 21 14 -16 -17 -18 23 -20 -21 -22 -23 -24 -25 -26 -27 -28 -29 -30 -31
leaf_value=22.112295939077285 22.085515087992516 22.116883606770884 22.114351460088638 22.076566790825414 22.041929288362603 22.11119374377823 22.107025965563505 22.114408464381444 22.045587829433742 22.057662142137289 22.141353488572609 22.02104169289499 22.049357743084126 22.059274934252525 22.084217286714377 22.073493518912233 22.105856115249342 22.024245014183137 22.068052308674623 22.084938488915977 22.061869382466732 22.042116257352991 22.062044745926475 22.039109236236289 22.148239943935394 22.133164990133736 22.09086527222582 22.068917247625098 22.056275360283227 22.034172220156574
leaf_weight=36 1107 636 90 529 4934 119 370 90 407 1581 51 945 5748 545 1215 296 750 937 6690 84 351 1829 96 5088 175 727 2338 1215 2653 5686
leaf_count=36 1107 636 90 529 4934 119 370 90 407 1581 51 945 5748 545 1215 296 750 937 6690 84 351 1829 96 5088 175 727 2338 1215 2653 5686
internal_value=22.0571 22.082 22.0437 22.0959 22.05 22.0896 22.1123 22.121 22.069 22.0642 22.0874 22.0347 22.0473 22.0783 22.0765 22.0921 22.0919 22.0344 22.0702 22.1225 22.0798 22.0499 22.0874 22.0355 22.1332 22.1256 22.0882 22.0626 22.0515 22.0328
internal_weight=47318 16576 30742 8021 18050 5806 2215 1549 8555 2886 5428 12692 15164 1811 1760 666 3617 12656 8148 378 1458 10230 186 11711 294 1363 2867 2796 8401 6623
internal_count=47318 16576 30742 8021 18050 5806 2215 1549 8555 2886 5428 12692 15164 1811 1760 666 3617 12656 8148 378 1458 10230 186 11711 294 1363 2867 2796 8401 6623
is_linear=0
shrinkage=1


Tree=1
num_leaves=31
num_cat=0
split_feature=49 6 49 8 6 8 59 50 9 6 59 48 9 8 59 8 8 51 6 59 6 6 8 14 50 6 50 59 59 6
split_gain=16660.7 3266.49 1909.84 949.927 762.714 654.695 460.454 423.342 315.385 260.865 246.279 225.046 208.851 165.212 160.666 158.145 155.214 148.64 144.113 142.462 147.549 142.339 141.559 171.738 137.408 127.28 124.658 209.402 134.149 117.05
threshold=22.317005600000002 9.5000000000000018 21.338206150000001 1.5000000000000002 8.5000000000000018 1.5000000000000002 59.958333333333336 23.073679925000004 23.013150000000003 8.5000000000000018 60.00833333333334 20.748853000000004 21.536619000000005 3.5000000000000004 90.458333333333357 3.5000000000000004 2.5000000000000004 23.546539933333339 7.5000000000000009 45.50833333333334 15.500000000000002 9.5000000000000018 2.5000000000000004 2.5265129136333182 22.339554850000003 12.500000000000002 23.568468775000003 45.025000000000006 45.475000000000009 7.5000000000000009
decision_type=2 2 2 2 2 2 2 2 2 2 2 2 2 2 2 2 2 2 2 2 2 2 2 8 2 2 2 2 2 2
left_child=2 3 11 4 14 21 -6 13 9 -5 18 -1 -7 22 26 24 -9 -16 -10 -13 -21 -4 -3 -24 -14 -25 27 -2 -28 -30
right_child=1 7 5 8 6 12 -8 16 10 -11 -12 19 15 -15 17 -17 -18 -19 -20 20 -22 -23 23 25 -26 -27 28 -29 29 -31
leaf_value=-0.032556383524613687 0.044460556679605412 0.0067511274917178045 0.054500389198462167 0.029225482954984682 0.04767179966034988 -0.014493540118280282 0.0061181771504149459 0.013402087483788155 0.020114437603440723 0.0047519041023706679 0.022494895696121779 -0.022361995935758376 -0.0059669421394810433 -0.0090555933112873698 0.075550012118379833 -0.01473134150260904 0.028107578581951054 0.021273956295945459 0.045396195020083699 -0.010580519699765303 -0.023761832155100276 0.0053492736461752746 -0.018439764941077942 0.027186888276049835 0.010723416417757882 0.0087916079610382593 0.083538532989983108 0.083467907067388297 0.086467538433415536 0.04291920632759972
leaf_weight=1503 349 4314 54 1188 720 4543 360 1062 228 585 744 8195 8006 464 71 1846 1649 126 1845 2248 1158 2944 112 883 470 549 662 192 84 164
leaf_count=1503 349 4314 54 1188 720 4543 360 1062 228 585 744 8195 8006 464 71 1846 1649 126 1845 2248 1158 2944 112 883 470 549 662 192 84 164
internal_value=-3.47873e-11 0.0244981 -0.0129353 0.0393955 0.0534157 -0.00655423 0.0338206 0.0124291 0.0310627 0.0211504 0.0373015 -0.0216339 -0.0091335 0.0081762 0.0662571 -0.0067744 0.0223469 0.0408354 0.0426156 -0.0202188 -0.015062 0.00623458 0.00954109 0.0173364 -0.00504145 0.0201345 0.0697085 0.0583042 0.0764885 0.0576694
internal_weight=47318 16351 30967 7318 2728 17863 1080 9033 4590 1773 2817 13104 14865 6322 1648 10322 2711 197 2073 11601 3406 2998 5858 1544 8476 1432 1451 541 910 248
internal_count=47318 16351 30967 7318 2728 17863 1080 9033 4590 1773 2817 13104 14865 6322 1648 10322 2711 197 2073 11601 3406 2998 5858 1544 8476 1432 1451 541 910 248
is_linear=0
shrinkage=0.03


Tree=2
num_leaves=31
num_cat=0
split_feature=49 6 49 8 6 8 59 50 48 6 59 48 50 8 59 8 51 8 6 6 59 6 8 14 54 6 50 59 59 54
split_gain=15676.1 3073.44 1796.97 893.786 717.638 616.003 437.246 398.323 294.106 312.769 234.601 211.746 194.789 155.448 151.17 146.041 140.347 137.913 137.62 256.338 150.27 133.927 133.193 161.588 120.732 119.758 117.291 197.026 126.221 115.93
threshold=22.317005600000002 9.5000000000000018 21.338206150000001 1.5000000000000002 8.5000000000000018 1.5000000000000002 44.658333333333339 23.073679925000004 23.043163300000003 8.5000000000000018 60.00833333333334 20.748853000000004 21.866796725000004 3.5000000000000004 90.458333333333357 2.5000000000000004 23.607527000000005 2.5000000000000004 13.500000000000002 11.500000000000002 45.025000000000006 9.5000000000000018 2.5000000000000004 2.5265129136333182 0.20373860759227339 12.500000000000002 23.568468775000003 45.025000000000006 45.475000000000009 0.62884313667935787
decision_type=2 2 2 2 2 2 2 2 2 2 2 2 2 2 2 2 2 2 2 2 2 2 2 8 2 2 2 2 2 2
left_child=2 3 11 4 14 21 -6 13 9 -5 17 -1 -7 22 26 -9 -16 24 19 20 -13 -4 -3 -24 -10 -25 27 -2 -28 -17
right_child=1 7 5 8 6 12 -8 15 10 -11 -12 18 -14 -15 16 29 -18 -19 -20 -21 -22 -23 23 25 -26 -27 28 -29 -30 -31
leaf_value=-0.031579691521145363 0.043126740469290395 0.0065485936703616751 0.05286537806193034 0.028938296016605119 0.049879265587776896 -0.011723209874065763 0.011464360524675952 0.013000024809702009 0.045545155348820025 0.0018355782074304145 0.021670419188477903 -0.023207593201048295 -0.0047412411780117973 -0.0087839258447739068 0.068676595204016741 0.029639616921787671 0.017551086638788026 0.049954117299841921 -0.022980664856609351 -0.0031531839931810295 -0.01220487216045579 0.0051887956330942276 -0.017886571858211287 0.026371281700881696 0.025558274014614486 0.0085278598223482091 0.081032377006064013 0.080963869504630567 0.05593936226661167 0.00062618404885547024
leaf_weight=1503 349 4314 54 1269 600 8768 480 1062 484 549 729 3184 6097 464 85 1514 112 938 5624 1072 1721 2944 112 883 621 549 662 192 248 135
leaf_count=1503 349 4314 54 1269 600 8768 480 1062 484 549 729 3184 6097 464 85 1514 112 938 5624 1072 1721 2944 112 883 621 549 662 192 248 135
internal_value=5.53741e-11 0.0237631 -0.0125473 0.0382136 0.0518132 -0.00635761 0.032806 0.0120563 0.0301309 0.0207538 0.0362808 -0.0209848 -0.0088595 0.00793091 0.0642694 0.0216765 0.0396103 0.0414941 -0.0196122 -0.0164427 -0.0193471 0.00604755 0.00925486 0.0168163 0.0343127 0.0195305 0.0676173 0.0565551 0.0741938 0.0272644
internal_weight=47318 16351 30967 7318 2728 17863 1080 9033 4590 1818 2772 13104 14865 6322 1648 2711 197 2043 11601 5977 4905 2998 5858 1544 1105 1432 1451 541 910 1649
internal_count=47318 16351 30967 7318 2728 17863 1080 9033 4590 1818 2772 13104 14865 6322 1648 2711 197 2043 11601 5977 4905 2998 5858 1544 1105 1432 1451 541 910 1649
is_linear=0
shrinkage=0.03


Tree=3
num_leaves=31
num_cat=0
split_feature=49 6 49 8 6 8 59 50 9 6 59 20 9 8 8 59 8 6 6 6 59 51 51 6 8 14 59 6 50 59
split_gain=14749.6 2891.8 1690.77 840.964 675.225 579.597 412.842 374.782 280.617 231.638 222.681 199.933 193.614 146.261 145.312 142.236 137.41 136.96 136.074 235.121 150.067 133.21 129.739 126.012 125.321 152.039 115.362 112.68 110.359 185.382
threshold=22.317005600000002 9.5000000000000018 21.338206150000001 1.5000000000000002 8.5000000000000018 1.5000000000000002 59.958333333333336 23.073679925000004 23.013150000000003 8.5000000000000018 45.00833333333334 20.753364500000004 21.498449000000004 3.5000000000000004 3.5000000000000004 90.458333333333357 2.5000000000000004 7.5000000000000009 13.500000000000002 11.500000000000002 78.666666666666686 23.506886050000002 22.323110083333336 9.5000000000000018 2.5000000000000004 2.5265129136333182 30.491666666666671 12.500000000000002 23.568468775000003 45.025000000000006
decision_type=2 2 2 2 2 2 2 2 2 2 2 2 2 2 2 2 2 2 2 2 2 2 2 2 2 8 2 2 2 2
left_child=2 3 11 4 15 23 -6 13 9 -5 17 -1 -7 24 22 28 26 -10 19 20 -13 -17 -14 -4 -3 -26 -9 -27 29 -2
right_child=1 7 5 8 6 12 -8 16 10 -11 -12 18 14 -15 -16 21 -18 -19 -20 -21 -22 -23 -24 -25 25 27 -28 -29 -30 -31
leaf_value=-0.030190362941952244 0.041832938605871443 0.0063521357661884088 0.05127941767374674 0.027486197166356512 0.044937341643186905 -0.014230694382416196 0.0055907010196824562 0.021470613610645731 0.017558890387534776 0.004424354414407832 0.024382654340219009 -0.021449521584401748 -0.0060762388708145484 -0.0085204078907052706 -0.014137668767229184 0.073177199580452656 0.026446420825997945 0.044670311449921979 -0.022291244599775439 -0.0030585884704422239 -0.008670966873769087 0.020911757559266709 0.0064340961838673391 0.0050331313994526963 -0.017349974596872927 0.025580142866651338 0.0015764360358972048 0.0082720240678312504 0.071968023792973596 0.078534954003989688
leaf_weight=1629 349 4314 54 1188 720 4006 360 589 188 585 1076 3715 8174 464 1864 66 1649 1553 5624 1072 1064 131 821 2944 112 883 473 549 910 192
leaf_count=1629 349 4314 54 1188 720 4006 360 589 188 585 1076 3715 8174 464 1864 66 1649 1553 5624 1072 1064 131 821 2944 112 883 473 549 910 192
internal_value=-1.00112e-11 0.0230503 -0.0121708 0.0370672 0.0502588 -0.00616688 0.0318218 0.0116946 0.0292269 0.019877 0.0351118 -0.0203553 -0.00859371 0.00769299 -0.00651417 0.0623413 0.0210262 0.0417427 -0.0189591 -0.0157562 -0.0186045 0.038422 -0.00493438 0.00586612 0.00897721 0.0163118 0.01261 0.0189446 0.0655888 0.0548584
internal_weight=47318 16351 30967 7318 2728 17863 1080 9033 4590 1773 2817 13104 14865 6322 10859 1648 2711 1741 11475 5851 4779 197 8995 2998 5858 1544 1062 1432 1451 541
internal_count=47318 16351 30967 7318 2728 17863 1080 9033 4590 1773 2817 13104 14865 6322 10859 1648 2711 1741 11475 5851 4779 197 8995 2998 5858 1544 1062 1432 1451 541
is_linear=0
shrinkage=0.03


Tree=4
num_leaves=31
num_cat=0
split_feature=48 6 9 9 59 51 9 6 59 59 51 9 6 51 51 6 6 14 54 55 6 17 59 51 59 59 14 6 51 6
split_gain=13859.6 2328.55 2012.12 597.063 650.14 516.403 296.963 305.923 492.72 268.644 261.072 251.661 234.602 197.894 137.026 133.195 159.381 125.646 108.889 94.6653 131.537 88.5507 85.6505 85.4759 83.203 81.7546 81.4356 114.311 107.244 95.4111
threshold=22.461964400000003 9.5000000000000018 21.403529000000002 24.749441000000001 59.958333333333336 22.31522926666667 23.058653500000002 7.5000000000000009 59.958333333333336 45.025000000000006 22.934673733333337 20.753364500000004 8.5000000000000018 21.269977600000004 21.909114891666672 13.500000000000002 10.500000000000002 3.7030400315377117 0.73963809657914348 0.7099978106316579 10.500000000000002 1.9099985000000006 29.708333333333339 23.648734083333338 84.958333333333357 30.008333333333336 3.6547316170726232 10.500000000000002 21.106728691666671 13.500000000000002
decision_type=2 2 2 2 2 2 2 2 2 2 2 2 2 2 2 2 2 8 2 2 2 8 2 2 2 2 10 2 2 2
left_child=2 3 11 6 -5 14 17 9 -9 -8 18 -1 -7 25 26 16 -15 -2 -3 20 -14 -16 -18 -12 -6 -13 28 -28 -4 -29
right_child=1 10 5 4 24 12 7 8 -10 -11 23 13 19 15 21 -17 22 -19 -20 -21 -22 -23 -24 -25 -26 -27 27 29 -30 -31
leaf_value=-0.029523066010326431 -0.0054543966092169289 0.0094571126364090662 0.053237241042984856 0.072918821913190185 0.044859144603833556 0.029780716282339432 0.037522383185310496 0.041066394597836578 0.015604343492216403 0.066843466057300807 0.0172745970186673 -0.022902802791379327 -0.003548847267668534 -0.017238198339475944 -0.010296189882761105 -0.019074804565075983 -0.010849998097792005 0.024813833783453448 -0.0088563950280110444 -0.010353007464548022 0.010355773919007853 -0.00019505986333280724 0.0012779140830770585 0.030390013121876027 0.015235990381852388 -0.01673829271127485 -0.020042233274365846 -0.0022689435425311769 -0.0066795980100039284 -0.015008788149905092
leaf_weight=1701 135 3880 27 768 128 351 621 2052 1026 514 2472 4605 909 1404 977 2014 956 1440 316 369 1876 3895 1160 546 256 3341 1116 1139 6336 988
leaf_count=1701 135 3880 27 768 128 351 621 2052 1026 514 2472 4605 909 1404 977 2014 956 1440 316 369 1876 3895 1160 546 256 3341 1116 1139 6336 988
internal_value=-6.52712e-11 0.0248529 -0.0106069 0.0372589 0.0569827 -0.00381747 0.0333332 0.0374881 0.032579 0.0508008 0.012918 -0.0186495 0.00651478 -0.0172774 -0.00631882 -0.0129218 -0.00940132 0.0222194 0.00807793 0.00392558 0.00581743 -0.00222068 -0.00420143 0.0196474 0.0251104 -0.0203109 -0.00839732 -0.0122665 -0.00642535 -0.00818665
internal_weight=47318 14154 33164 6940 1152 17983 5788 4213 3078 1135 7214 15181 3505 13480 14478 5534 3520 1575 4196 3154 2785 4872 2116 3018 384 7946 9606 3243 6363 2127
internal_count=47318 14154 33164 6940 1152 17983 5788 4213 3078 1135 7214 15181 3505 13480 14478 5534 3520 1575 4196 3154 2785 4872 2116 3018 384 7946 9606 3243 6363 2127
is_linear=0
shrinkage=0.03


Tree=5
num_leaves=31
num_cat=0
split_feature=49 6 49 8 6 8 59 50 48 6 59 20 8 51 6 59 8 8 8 59 51 6 8 14 6 6 59 55 6 6
split_gain=13062.5 2555.91 1503.05 747.594 618.42 528.751 376.792 332.211 250.888 271.599 198.509 180.158 178.615 165.798 165.527 130.503 130.195 126.849 126.695 122.084 120.64 119.407 117.222 140.695 115.453 115.321 108.544 108.359 106.796 104.736
threshold=22.317005600000002 9.5000000000000018 21.338206150000001 1.5000000000000002 8.5000000000000018 1.5000000000000002 44.658333333333339 23.073679925000004 23.043163300000003 8.5000000000000018 60.00833333333334 20.670338500000003 3.5000000000000004 21.909114891666672 8.5000000000000018 90.458333333333357 3.5000000000000004 2.5000000000000004 2.5000000000000004 45.50833333333334 23.506886050000002 11.500000000000002 2.5000000000000004 2.5265129136333182 9.5000000000000018 15.500000000000002 30.491666666666671 0.62672393397728754 13.500000000000002 12.500000000000002
decision_type=2 2 2 2 2 2 2 2 2 2 2 2 2 2 2 2 2 2 2 2 2 2 2 8 2 2 2 2 2 2
left_child=2 3 11 4 15 24 -6 16 9 -5 18 -1 13 -7 -15 -2 22 26 -10 -13 -17 -14 -3 -24 -4 -21 -9 -19 -23 -25
right_child=1 7 5 8 6 12 -8 17 10 -11 -12 19 21 14 -16 20 -18 27 -20 25 -22 28 23 29 -26 -27 -28 -29 -30 -31
leaf_value=-0.030750377807877566 0.061981195681834321 0.0059213990856679145 0.049169436593850452 0.026443583360470247 0.045512132761441171 -0.0088748378735857211 0.0098515989788274961 0.0203102480106436 0.031070019455217836 0.0011875329416991425 0.019718001048536223 -0.020059027054895037 -0.023783158815842829 0.035332823720657158 -0.0023679290852997655 0.069033893292600457 -0.0080484185699079436 0.027599613605719012 0.046061808414169458 -0.0096444001785161194 0.019295408263089817 -0.0060357424903787335 -0.016827806536374348 0.02448390882526601 0.0049029869553572532 -0.021187188516472288 0.0010128883238660071 0.0021763058396339018 -0.024012069597422164 0.0077970705846517954
leaf_weight=1107 1451 4314 54 1269 600 8636 480 589 1105 549 729 8459 945 108 3551 66 464 1481 938 2380 131 1233 112 883 2944 1158 473 168 392 549
leaf_count=1107 1451 4314 54 1269 600 8636 480 589 1105 549 729 8459 945 108 3551 66 464 1481 938 2380 131 1233 112 883 2944 1158 473 168 392 549
internal_value=-1.88652e-11 0.0216919 -0.0114536 0.0348697 0.0473074 -0.00579276 0.029663 0.0110161 0.0274775 0.0188168 0.0331576 -0.0191704 -0.0081107 -0.00660721 -0.00125514 0.0588705 0.0072486 0.0198017 0.0379532 -0.0181018 0.0359591 -0.0153035 0.00846024 0.0155539 0.00570031 -0.0134224 0.0117155 0.0250095 -0.0103722 0.0180865
internal_weight=47318 16351 30967 7318 2728 17863 1080 9033 4590 1818 2772 13104 14865 12295 3659 1648 6322 2711 2043 11997 197 2570 5858 1544 2998 3538 1062 1649 1625 1432
internal_count=47318 16351 30967 7318 2728 17863 1080 9033 4590 1818 2772 13104 14865 12295 3659 1648 6322 2711 2043 11997 197 2570 5858 1544 2998 3538 1062 1649 1625 1432
is_linear=0
shrinkage=0.03


Tree=6
num_leaves=31
num_cat=0
split_feature=50 6 50 8 6 8 59 50 9 9 8 59 6 9 29 59 6 15 55 8 8 6 6 8 9 59 54 6 59 59
split_gain=12260.6 2439.93 1361.62 679.165 586.819 551.576 354.524 312.589 232.791 191.494 189.326 187.054 181.201 171.604 154.17 141.679 125.225 125.029 124.208 119.352 108.58 137.789 131.303 106.013 104.748 103.315 102.344 100.834 187.414 95.3718
threshold=22.319926025000004 9.5000000000000018 21.328582275000006 1.5000000000000002 8.5000000000000018 1.5000000000000002 44.658333333333339 23.073679925000004 23.013150000000003 22.530690000000003 2.5000000000000004 45.00833333333334 9.5000000000000018 21.437691500000003 20.670338500000003 100.75000000000001 7.5000000000000009 7.5201728153292118 0.72640780894538526 2.5000000000000004 2.5000000000000004 10.500000000000002 12.500000000000002 3.5000000000000004 24.749441000000001 20.008333333333336 0.62884313667935787 11.500000000000002 84.958333333333357 30.008333333333336
decision_type=2 2 2 2 2 2 2 2 2 2 2 2 2 2 2 2 2 10 2 2 2 2 2 2 2 2 2 2 2 2
left_child=2 3 9 4 15 12 -6 18 10 14 -5 16 -4 -7 -1 -2 -10 -12 20 25 -3 -22 -23 -15 -17 -9 -21 28 -14 -16
right_child=1 7 5 8 6 13 -8 19 11 -11 17 -13 27 23 29 24 -18 -19 -20 26 21 22 -24 -25 -26 -27 -28 -29 -30 -31
leaf_value=-0.029493626581420528 0.060675412279549736 0.0059165823418806281 0.048000644862651827 0.022203790685298857 0.044146768511645493 -0.013808462070219902 0.0095560509583810932 0.022047856461187045 0.015106232076316098 0.050349775602420169 -0.015287575533215386 0.022350909569134172 -0.0077846448855639211 -0.0051021078198397645 -0.02028951325434189 0.05250892858460264 0.041025684315386071 0.045287372817595796 -0.0073607321162585558 0.026490959399254454 -0.008980545954453566 0.025692078878736247 0.0067874295708879725 -0.012866505107127569 0.0071961981499636613 0.0031689108752826858 -0.00076952123054717153 0.0098798014185542821 0.020145432276759304 -0.014782196298679207
leaf_weight=1134 1407 4528 90 1521 600 3716 480 461 188 36 207 1080 973 9551 6524 106 1558 36 494 1514 189 848 542 1897 81 601 135 1545 278 4998
leaf_count=1134 1407 4528 90 1521 600 3716 480 461 188 36 207 1080 973 9551 6524 106 1558 36 494 1514 189 848 542 1897 81 601 135 1545 278 4998
internal_value=-2.07869e-11 0.0207965 -0.0112134 0.0338283 0.0458467 -0.00591911 0.0287731 0.0106308 0.0268267 -0.0187428 0.0182754 0.0321645 0.00610198 -0.00820695 -0.0189393 0.0574148 0.0382348 -0.00631351 0.00710838 0.0192077 0.0082788 0.0150528 0.0183206 -0.00638871 0.0328815 0.011364 0.0242592 0.00475331 -0.00157796 -0.0179006
internal_weight=47318 16576 30742 7264 2674 18050 1080 9312 4590 12692 1764 2826 2886 15164 12656 1594 1746 243 6601 2711 6107 1579 1390 11448 187 1062 1649 2796 1251 11522
internal_count=47318 16576 30742 7264 2674 18050 1080 9312 4590 12692 1764 2826 2886 15164 12656 1594 1746 243 6601 2711 6107 1579 1390 11448 187 1062 1649 2796 1251 11522
is_linear=0
shrinkage=0.03


Tree=7
num_leaves=31
num_cat=0
split_feature=48 6 9 8 6 50 60 8 8 6 8 6 9 55 48 60 6 6 50 60 50 50 60 60 6 60 6 60 6 7
split_gain=11567.4 1932.87 1691.05 562.009 545.194 437.98 335.205 309.078 262.652 236.621 227.365 368.353 190.631 163.117 145.038 234.405 150.064 109.201 107.861 106.901 118.15 104.444 163.494 112.332 105.29 103.472 124.836 97.6568 96.7686 95.851
threshold=22.461964400000003 9.5000000000000018 21.403529000000002 1.5000000000000002 8.5000000000000018 22.287720100000005 52.500000000000007 1.5000000000000002 1.5000000000000002 8.5000000000000018 2.5000000000000004 12.500000000000002 20.670338500000003 0.56842041952185796 23.492465900000003 52.500000000000007 8.5000000000000018 10.500000000000002 22.354787650000002 105.00000000000001 23.532026575000007 23.568468775000003 52.500000000000007 52.500000000000007 7.5000000000000009 37.500000000000007 16.500000000000004 37.500000000000007 9.5000000000000018 25.500000000000004
decision_type=2 2 2 2 2 2 2 2 2 2 2 2 2 2 2 2 2 2 2 2 2 2 2 2 2 2 2 2 2 2
left_child=2 3 8 4 19 7 29 28 -1 -7 27 18 -10 14 16 -16 -5 -11 -12 21 -21 22 -2 -23 -25 -14 -27 -3 -4 -6
right_child=1 10 5 13 6 9 -8 -9 12 17 11 -13 25 -15 15 -17 -18 -19 -20 20 -22 23 -24 24 -26 26 -28 -29 -30 -31
leaf_value=0.0055140250137075781 0.038427154301464414 0.011151241145135169 0.048555035591126096 0.025278834831715037 0.052245246682029504 0.028435098380487897 0.0042736149468303973 -0.0075572989132281759 -0.02957019136180096 -0.0053945641900987962 -0.021308264851570131 0.0010980985660994933 -0.018938114887366835 0.045175500864232027 0.039157590796533678 0.015959000549794707 0.0077531552010461583 0.0068949792828178818 0.025627477834957741 0.069494439363479613 0.018956148180227231 0.07069096021287076 0.075458947295943893 0.074351285185132704 0.033048495605798069 -0.010835532558377476 -0.02091324629858575 0.0018744856046139064 0.0040680389891095256 0.030156124517722187
leaf_weight=450 421 2491 45 1368 312 378 360 12415 1134 918 45 825 8055 405 1176 588 648 2235 2122 60 136 666 144 84 164 4015 1527 1731 1992 408
leaf_count=450 421 2491 45 1368 312 378 360 12415 1134 918 45 825 8055 405 1176 588 648 2235 2122 60 136 666 144 84 164 4015 1527 1731 1992 408
internal_value=1.50685e-11 0.0227049 -0.0096902 0.0340079 0.0445299 -0.00346599 0.0279099 -0.00578019 -0.0170632 0.00600582 0.0118313 0.0181579 -0.0177529 0.0270812 0.0251425 0.0314247 0.0196456 0.00331686 0.0246528 0.0552461 0.0344271 0.0580051 0.0478653 0.0642731 0.0470382 -0.0167674 -0.0136123 0.00734782 0.00505082 0.0397281
internal_weight=47318 14154 33164 6940 2755 17983 1080 14452 15181 3531 7214 2992 14731 4185 3780 1764 2016 3153 2167 1675 196 1479 565 914 248 13597 5542 4222 2037 720
internal_count=47318 14154 33164 6940 2755 17983 1080 14452 15181 3531 7214 2992 14731 4185 3780 1764 2016 3153 2167 1675 196 1479 565 914 248 13597 5542 4222 2037 720
is_linear=0
shrinkage=0.03


Tree=8
num_leaves=31
num_cat=0
split_feature=48 6 9 9 59 50 6 59 6 50 18 51 6 6 59 51 6 59 59 6 14 59 51 6 6 54 55 6 6 14
split_gain=10883.8 1818.64 1591.1 498.042 548.182 412.096 249.197 327.577 222.637 213.832 209.207 191.271 177.749 297.77 150.972 149.545 126.892 137.781 121.856 136.868 118.239 113.559 109.996 102.747 100.156 90.2538 90.1732 73.0628 88.0421 94.8777
threshold=22.461964400000003 9.5000000000000018 21.403529000000002 24.749441000000001 59.958333333333336 22.287720100000005 8.5000000000000018 30.008333333333336 8.5000000000000018 23.017357500000006 20.773655000000002 23.179747800000005 13.500000000000002 11.500000000000002 84.958333333333357 23.361403166666669 7.5000000000000009 30.025000000000002 60.491666666666674 7.5000000000000009 5.6345511090803297 60.00833333333334 21.898295616666669 10.500000000000002 7.5000000000000009 0.73963809657914348 0.7099978106316579 16.500000000000004 10.500000000000002 3.6547316170726232
decision_type=2 2 2 2 2 2 2 2 2 2 2 2 2 2 2 2 2 2 2 2 10 2 2 2 2 2 2 2 2 10
left_child=2 3 10 6 -5 22 11 15 -7 25 -1 18 13 14 -12 -8 17 -13 19 -2 -9 -18 27 -10 -20 -3 -25 28 29 -4
right_child=1 9 5 4 -6 8 7 20 23 -11 12 16 -14 -15 -16 -17 21 -19 24 -21 -22 -23 -24 26 -26 -27 -28 -29 -30 -31
leaf_value=-0.025993482846175982 0.018791617763863861 0.008455050685756263 -0.0060945059561265677 0.065635060737840839 0.021735147146805502 0.027582045387225373 0.0098357099089157098 0.0054968811084115665 -0.0052327274457624577 0.017763240450704366 -0.018273193024276945 0.03695717497186346 -0.018915657241876035 -0.001390334686466217 -0.0060642408204694843 0.036944539375279091 0.041986493830569085 0.064819498537422776 0.049669689833590228 0.041933136861459865 0.024394089764889364 0.013328560148365795 -0.002114642935805146 0.0092405731149769119 0.015251095309162261 -0.0082004276426844991 -0.0075379877490101043 -0.020817915608951198 -0.0052857569796218732 -0.01836795227393077
leaf_weight=1854 997 3991 1152 768 384 378 216 860 918 2907 4102 273 6266 1787 1172 1204 480 385 353 299 456 168 5198 1895 97 316 340 360 6626 1116
leaf_count=1854 997 3991 1152 768 384 378 216 860 918 2907 4102 273 6266 1787 1172 1204 480 385 353 299 456 168 5198 1895 97 316 340 360 6626 1116
internal_value=-3.7812e-11 0.0220238 -0.00939949 0.0329877 0.0510018 -0.00336201 0.0294023 0.0228278 0.00582564 0.0114764 -0.0165513 0.035296 -0.0152378 -0.011974 -0.0155601 0.0328209 0.0439797 0.0532596 0.0288007 0.0241306 0.0120449 0.0345567 -0.00560679 0.00321736 0.0422506 0.00723306 0.00668813 -0.00756834 -0.00703204 -0.0121338
internal_weight=47318 14154 33164 6940 1152 17983 5788 2736 3531 7214 15181 3052 13327 7061 5274 1420 1306 658 1746 1296 1316 648 14452 3153 450 4307 2235 9254 8894 2268
internal_count=47318 14154 33164 6940 1152 17983 5788 2736 3531 7214 15181 3052 13327 7061 5274 1420 1306 658 1746 1296 1316 648 14452 3153 450 4307 2235 9254 8894 2268
is_linear=0
shrinkage=0.03


end of trees

feature_importances:
hour=67
target_minutes_ahead=46
day_of_week=41
temp_roll_mean_20=21
source_temp=18
temp_roll_mean_30=16
temp_roll_mean_5=11
nearest_person_distance=8
temp_roll_mean_10=8
requested_horizon_min=8
temp_roll_std_30=7
temp_roll_std_20=5
minute=3
temp_lag_1=2
temp_lag_3=2
mean_person_distance=1
nearest_person_dy=1
temp_lag_11=1
temp_lag_12=1
temp_lag_13=1
temp_lag_14=1
temp_lag_30=1

parameters:
[boosting: gbdt]
[objective: regression]
[metric: rmse,l2]
[tree_learner: serial]
[device_type: cpu]
[data_sample_strategy: bagging]
[data: ]
[valid: ]
[num_iterations: 1200]
[learning_rate: 0.03]
[num_leaves: 31]
[num_threads: 8]
[seed: 42]
[deterministic: 0]
[force_col_wise: 0]
[force_row_wise: 0]
[histogram_pool_size: -1]
[max_depth: -1]
[min_data_in_leaf: 20]
[min_sum_hessian_in_leaf: 0.001]
[bagging_fraction: 0.85]
[pos_bagging_fraction: 1]
[neg_bagging_fraction: 1]
[bagging_freq: 0]
[bagging_seed: 400]
[bagging_by_query: 0]
[feature_fraction: 0.85]
[feature_fraction_bynode: 1]
[feature_fraction_seed: 30056]
[extra_trees: 0]
[extra_seed: 12879]
[early_stopping_round: 0]
[early_stopping_min_delta: 0]
[first_metric_only: 0]
[max_delta_step: 0]
[lambda_l1: 0]
[lambda_l2: 0]
[linear_lambda: 0]
[min_gain_to_split: 0]
[drop_rate: 0.1]
[max_drop: 50]
[skip_drop: 0.5]
[xgboost_dart_mode: 0]
[uniform_drop: 0]
[drop_seed: 17869]
[top_rate: 0.2]
[other_rate: 0.1]
[min_data_per_group: 100]
[max_cat_threshold: 32]
[cat_l2: 10]
[cat_smooth: 10]
[max_cat_to_onehot: 4]
[top_k: 20]
[monotone_constraints: ]
[monotone_constraints_method: basic]
[monotone_penalty: 0]
[feature_contri: ]
[forcedsplits_filename: ]
[refit_decay_rate: 0.9]
[cegb_tradeoff: 1]
[cegb_penalty_split: 0]
[cegb_penalty_feature_lazy: ]
[cegb_penalty_feature_coupled: ]
[path_smooth: 0]
[interaction_constraints: ]
[verbosity: -1]
[saved_feature_importance_type: 0]
[use_quantized_grad: 0]
[num_grad_quant_bins: 4]
[quant_train_renew_leaf: 0]
[stochastic_rounding: 1]
[linear_tree: 0]
[max_bin: 255]
[max_bin_by_feature: ]
[min_data_in_bin: 3]
[bin_construct_sample_cnt: 200000]
[data_random_seed: 175]
[is_enable_sparse: 1]
[enable_bundle: 1]
[use_missing: 1]
[zero_as_missing: 0]
[feature_pre_filter: 1]
[pre_partition: 0]
[two_round: 0]
[header: 0]
[label_column: ]
[weight_column: ]
[group_column: ]
[ignore_column: ]
[categorical_feature: 0,1]
[forcedbins_filename: ]
[precise_float_parser: 0]
[parser_config_file: ]
[objective_seed: 16083]
[num_class: 1]
[is_unbalance: 0]
[scale_pos_weight: 1]
[sigmoid: 1]
[boost_from_average: 1]
[reg_sqrt: 0]
[alpha: 0.9]
[fair_c: 1]
[poisson_max_delta_step: 0.7]
[tweedie_variance_power: 1.5]
[lambdarank_truncation_level: 30]
[lambdarank_norm: 1]
[label_gain: ]
[lambdarank_position_bias_regularization: 0]
[eval_at: ]
[multi_error_top_k: 1]
[auc_mu_weights: ]
[num_machines: 1]
[local_listen_port: 12400]
[time_out: 120]
[machine_list_filename: ]
[machines: ]
[gpu_platform_id: -1]
[gpu_device_id: -1]
[gpu_use_dp: 0]
[num_gpu: 1]

end of parameters

pandas_categorical:[["cableduct_1", "cableduct_2", "cableduct_3", "cableduct_4", "chair_1", "machine_1", "machine_2", "machine_3", "machine_4", "machine_5", "machine_6", "screen_1", "screen_2", "window_1"], ["Cableduct", "Chair", "Machine", "Screen", "Window"]]
